Conflicting CPU frequency values detected: 798.513000 != 1070.286000. CPU Frequency is not max.
Conflicting CPU frequency values detected: 800.000000 != 2100.000000. CPU Frequency is not max.
Disabling dynamic polling
---------------------------------------------------------------------------------------
                    RDMA_Write Latency Test
 Dual-port       : OFF		Device         : mlx5_10
 Number of qps   : 1		Transport type : IB
 Connection type : RC		Using SRQ      : OFF
 PCIe relax order: OFF		Lock-free      : OFF
 ibv_wr* API     : ON		Using Enhanced Reorder      : OFF
 TX depth        : 1
 Mtu             : 1024[B]
 Link type       : Ethernet
 GID index       : 3
 Max inline data : 220[B]
 rdma_cm QPs	 : OFF
 Data ex. method : Ethernet
---------------------------------------------------------------------------------------
 local address: LID 0000 QPN 0x01c3 PSN 0xde4708 RKey 0x04cf00 VAddr 0x0055c719216000
 GID: 00:00:00:00:00:00:00:00:00:00:255:255:10:01:04:01
 remote address: LID 0000 QPN 0x01cb PSN 0x34412c RKey 0x04cf00 VAddr 0x005646d472b000
 GID: 00:00:00:00:00:00:00:00:00:00:255:255:10:01:04:02
---------------------------------------------------------------------------------------
 #bytes #iterations    t_min[usec]    t_max[usec]  t_typical[usec]    t_avg[usec]    t_stdev[usec]   99% percentile[usec]   99.9% percentile[usec] 
#, usec
1, 2.34567
2, 2.34805
3, 2.35138
4, 2.369
5, 2.39185
6, 2.40566
7, 2.40757
8, 2.43233
9, 2.45471
10, 2.45804
11, 2.459
12, 2.469
13, 2.47376
14, 2.47661
15, 2.48376
16, 2.48519
17, 2.48804
18, 2.48804
19, 2.489
20, 2.49185
21, 2.49423
22, 2.49471
23, 2.49947
24, 2.50852
25, 2.51804
26, 2.52042
27, 2.5209
28, 2.52757
29, 2.5428
30, 2.54471
31, 2.55471
32, 2.56709
33, 2.58042
34, 2.58233
35, 2.5909
36, 2.60899
37, 2.61661
38, 2.62518
39, 2.71471
40, 2.71709
41, 2.72709
42, 2.73566
43, 2.80185
44, 2.88803
45, 2.91042
46, 2.93327
47, 3.04041
48, 3.12041
49, 3.23803
50, 3.24041
51, 3.36612
52, 3.48278
53, 3.48945
54, 3.51564
55, 3.56802
56, 3.65659
57, 3.67135
58, 3.71754
59, 3.81087
60, 3.89468
61, 3.90373
62, 3.91754
63, 4.08991
64, 4.16801
65, 4.62657
66, 4.8218
67, 5.29275
68, 35.7721
69, 161.888
70, 502.128
71, 841.954
72, 942.014
73, 946.686
74, 949.586
75, 951.883
76, 952.043
77, 955.409
78, 958.686
79, 966.648
80, 966.898
81, 967.032
82, 967.687
83, 971.529
84, 972.342
85, 973.295
86, 973.971
87, 974.981
88, 975.367
89, 976.459
90, 976.466
91, 977.077
92, 977.088
93, 977.214
94, 977.643
95, 978.59
96, 978.749
97, 979.356
98, 979.796
99, 979.978
100, 980.213
101, 980.236
102, 981.114
103, 981.378
104, 981.524
105, 981.871
106, 982.21
107, 983.23
108, 983.321
109, 983.892
110, 984.255
111, 984.675
112, 984.724
113, 984.819
114, 985.011
115, 985.019
116, 985.127
117, 985.332
118, 985.482
119, 985.771
120, 985.788
121, 986.093
122, 986.317
123, 987.219
124, 987.333
125, 987.338
126, 987.62
127, 987.953
128, 988.141
129, 988.196
130, 988.35
131, 988.38
132, 988.761
133, 988.784
134, 988.958
135, 989.063
136, 989.275
137, 989.519
138, 989.662
139, 989.795
140, 990.034
141, 990.071
142, 990.105
143, 990.814
144, 991.134
145, 991.328
146, 992.537
147, 992.735
148, 993.296
149, 993.626
150, 993.661
151, 993.894
152, 993.894
153, 994.079
154, 994.152
155, 994.152
156, 994.191
157, 994.251
158, 994.473
159, 994.536
160, 994.567
161, 994.589
162, 994.901
163, 995.116
164, 995.118
165, 995.232
166, 995.37
167, 995.502
168, 995.657
169, 995.692
170, 995.767
171, 996.057
172, 996.098
173, 996.334
174, 996.609
175, 996.842
176, 996.876
177, 997.196
178, 997.427
179, 997.511
180, 997.71
181, 997.837
182, 998.011
183, 998.035
184, 998.037
185, 998.137
186, 998.205
187, 998.26
188, 998.31
189, 998.566
190, 998.658
191, 998.711
192, 998.781
193, 998.787
194, 998.962
195, 999.265
196, 999.269
197, 999.296
198, 999.33
199, 999.692
200, 999.872
201, 999.9
202, 999.902
203, 1000
204, 1000.08
205, 1000.1
206, 1000.11
207, 1000.15
208, 1000.37
209, 1000.37
210, 1000.38
211, 1000.39
212, 1000.57
213, 1000.59
214, 1000.7
215, 1000.76
216, 1000.76
217, 1000.84
218, 1001.03
219, 1001.31
220, 1001.35
221, 1001.4
222, 1001.51
223, 1001.52
224, 1001.55
225, 1001.75
226, 1001.88
227, 1001.89
228, 1001.9
229, 1001.96
230, 1002.01
231, 1002.12
232, 1002.39
233, 1002.46
234, 1002.57
235, 1002.62
236, 1002.67
237, 1002.72
238, 1002.78
239, 1002.82
240, 1002.97
241, 1003.11
242, 1003.13
243, 1003.53
244, 1003.54
245, 1003.62
246, 1003.69
247, 1003.7
248, 1003.75
249, 1003.92
250, 1003.93
251, 1003.95
252, 1003.99
253, 1004.33
254, 1004.4
255, 1004.42
256, 1004.43
257, 1004.44
258, 1004.48
259, 1004.53
260, 1004.59
261, 1004.67
262, 1005.11
263, 1005.15
264, 1005.17
265, 1005.31
266, 1005.33
267, 1005.4
268, 1005.44
269, 1005.55
270, 1005.64
271, 1005.71
272, 1005.82
273, 1005.88
274, 1005.98
275, 1006.24
276, 1006.24
277, 1006.36
278, 1006.44
279, 1006.45
280, 1006.71
281, 1006.75
282, 1006.77
283, 1006.77
284, 1006.85
285, 1006.9
286, 1007.13
287, 1007.24
288, 1007.36
289, 1007.38
290, 1007.41
291, 1007.45
292, 1007.59
293, 1007.61
294, 1007.71
295, 1007.72
296, 1007.75
297, 1007.81
298, 1007.86
299, 1007.89
300, 1007.93
301, 1008
302, 1008.04
303, 1008.4
304, 1008.47
305, 1008.49
306, 1008.57
307, 1008.58
308, 1008.61
309, 1008.61
310, 1008.86
311, 1008.86
312, 1009.07
313, 1009.18
314, 1009.25
315, 1009.26
316, 1009.28
317, 1009.4
318, 1009.41
319, 1009.41
320, 1009.46
321, 1009.46
322, 1009.48
323, 1009.51
324, 1009.57
325, 1009.89
326, 1009.91
327, 1010.03
328, 1010.1
329, 1010.14
330, 1010.27
331, 1010.56
332, 1010.6
333, 1010.8
334, 1010.81
335, 1010.86
336, 1010.91
337, 1011.05
338, 1011.11
339, 1011.13
340, 1011.28
341, 1011.47
342, 1011.52
343, 1011.54
344, 1011.61
345, 1011.64
346, 1011.7
347, 1011.71
348, 1011.72
349, 1011.75
350, 1011.8
351, 1011.94
352, 1012.07
353, 1012.2
354, 1012.23
355, 1012.38
356, 1012.65
357, 1012.68
358, 1012.78
359, 1012.89
360, 1012.97
361, 1012.98
362, 1013.03
363, 1013.08
364, 1013.18
365, 1013.23
366, 1013.27
367, 1013.28
368, 1013.31
369, 1013.34
370, 1013.45
371, 1013.47
372, 1013.52
373, 1013.54
374, 1013.75
375, 1013.8
376, 1013.84
377, 1013.92
378, 1013.98
379, 1014.04
380, 1014.08
381, 1014.21
382, 1014.27
383, 1014.29
384, 1014.32
385, 1014.53
386, 1014.56
387, 1014.59
388, 1014.61
389, 1014.62
390, 1014.7
391, 1014.73
392, 1014.74
393, 1014.78
394, 1014.87
395, 1014.99
396, 1015.08
397, 1015.09
398, 1015.47
399, 1015.54
400, 1015.57
401, 1015.7
402, 1015.74
403, 1015.85
404, 1016.03
405, 1016.18
406, 1016.26
407, 1016.27
408, 1016.28
409, 1016.37
410, 1016.4
411, 1016.47
412, 1016.52
413, 1016.64
414, 1016.75
415, 1016.85
416, 1016.88
417, 1016.9
418, 1016.92
419, 1016.98
420, 1017.02
421, 1017.03
422, 1017.14
423, 1017.26
424, 1017.38
425, 1017.41
426, 1017.53
427, 1017.54
428, 1017.67
429, 1017.79
430, 1017.88
431, 1017.95
432, 1018.07
433, 1018.11
434, 1018.16
435, 1018.18
436, 1018.4
437, 1018.4
438, 1018.43
439, 1018.43
440, 1018.58
441, 1018.61
442, 1018.66
443, 1018.71
444, 1018.73
445, 1018.75
446, 1018.8
447, 1018.87
448, 1018.89
449, 1018.92
450, 1018.92
451, 1019.11
452, 1019.17
453, 1019.21
454, 1019.21
455, 1019.21
456, 1019.27
457, 1019.36
458, 1019.42
459, 1019.45
460, 1019.45
461, 1019.46
462, 1019.49
463, 1019.52
464, 1019.54
465, 1019.57
466, 1019.65
467, 1019.65
468, 1019.73
469, 1019.75
470, 1019.91
471, 1019.92
472, 1020
473, 1020.04
474, 1020.06
475, 1020.08
476, 1020.16
477, 1020.18
478, 1020.25
479, 1020.36
480, 1020.38
481, 1020.56
482, 1020.69
483, 1020.79
484, 1020.79
485, 1020.98
486, 1021.01
487, 1021.09
488, 1021.12
489, 1021.21
490, 1021.24
491, 1021.39
492, 1021.41
493, 1021.45
494, 1021.49
495, 1021.57
496, 1021.61
497, 1021.63
498, 1021.79
499, 1021.83
500, 1021.95
501, 1022.29
502, 1022.42
503, 1022.6
504, 1022.61
505, 1022.62
506, 1022.65
507, 1022.84
508, 1023.01
509, 1023.07
510, 1023.22
511, 1023.27
512, 1023.33
513, 1023.4
514, 1023.48
515, 1023.64
516, 1023.66
517, 1023.66
518, 1023.74
519, 1023.74
520, 1023.82
521, 1023.86
522, 1024.1
523, 1024.16
524, 1024.24
525, 1024.26
526, 1024.29
527, 1024.32
528, 1024.34
529, 1024.37
530, 1024.37
531, 1024.39
532, 1024.46
533, 1024.48
534, 1024.48
535, 1024.49
536, 1024.71
537, 1024.76
538, 1024.78
539, 1024.89
540, 1025.06
541, 1025.1
542, 1025.11
543, 1025.16
544, 1025.2
545, 1025.37
546, 1025.37
547, 1025.41
548, 1025.41
549, 1025.46
550, 1025.48
551, 1025.57
552, 1025.57
553, 1025.59
554, 1025.68
555, 1025.69
556, 1025.71
557, 1025.75
558, 1025.83
559, 1025.86
560, 1025.92
561, 1025.98
562, 1026.06
563, 1026.14
564, 1026.15
565, 1026.23
566, 1026.3
567, 1026.33
568, 1026.46
569, 1026.46
570, 1026.49
571, 1026.51
572, 1026.55
573, 1026.63
574, 1026.69
575, 1026.73
576, 1026.75
577, 1026.76
578, 1026.77
579, 1026.83
580, 1026.85
581, 1026.87
582, 1026.93
583, 1026.94
584, 1026.97
585, 1027
586, 1027.03
587, 1027.12
588, 1027.15
589, 1027.19
590, 1027.2
591, 1027.22
592, 1027.34
593, 1027.37
594, 1027.37
595, 1027.51
596, 1027.54
597, 1027.55
598, 1027.56
599, 1027.57
600, 1027.57
601, 1027.58
602, 1027.75
603, 1027.83
604, 1027.9
605, 1027.91
606, 1027.95
607, 1027.95
608, 1027.96
609, 1028.1
610, 1028.12
611, 1028.15
612, 1028.2
613, 1028.35
614, 1028.36
615, 1028.41
616, 1028.43
617, 1028.43
618, 1028.68
619, 1028.73
620, 1028.73
621, 1028.75
622, 1028.78
623, 1028.79
624, 1028.81
625, 1028.89
626, 1028.91
627, 1028.96
628, 1028.98
629, 1029
630, 1029.01
631, 1029.04
632, 1029.08
633, 1029.12
634, 1029.12
635, 1029.14
636, 1029.15
637, 1029.19
638, 1029.22
639, 1029.29
640, 1029.29
641, 1029.4
642, 1029.42
643, 1029.42
644, 1029.42
645, 1029.46
646, 1029.54
647, 1029.54
648, 1029.56
649, 1029.62
650, 1029.66
651, 1029.67
652, 1029.67
653, 1029.71
654, 1029.82
655, 1029.87
656, 1029.92
657, 1029.98
658, 1029.98
659, 1029.99
660, 1030.04
661, 1030.04
662, 1030.04
663, 1030.05
664, 1030.17
665, 1030.28
666, 1030.32
667, 1030.34
668, 1030.4
669, 1030.43
670, 1030.43
671, 1030.44
672, 1030.47
673, 1030.49
674, 1030.51
675, 1030.51
676, 1030.59
677, 1030.63
678, 1030.69
679, 1030.72
680, 1030.81
681, 1030.85
682, 1030.88
683, 1030.89
684, 1030.93
685, 1030.97
686, 1031.03
687, 1031.06
688, 1031.11
689, 1031.19
690, 1031.25
691, 1031.29
692, 1031.3
693, 1031.32
694, 1031.32
695, 1031.34
696, 1031.34
697, 1031.38
698, 1031.39
699, 1031.41
700, 1031.42
701, 1031.45
702, 1031.45
703, 1031.49
704, 1031.51
705, 1031.53
706, 1031.58
707, 1031.59
708, 1031.65
709, 1031.68
710, 1031.74
711, 1031.76
712, 1031.79
713, 1031.81
714, 1031.83
715, 1031.85
716, 1031.86
717, 1031.88
718, 1031.9
719, 1031.9
720, 1031.94
721, 1031.94
722, 1031.95
723, 1032.04
724, 1032.12
725, 1032.17
726, 1032.22
727, 1032.23
728, 1032.27
729, 1032.27
730, 1032.32
731, 1032.33
732, 1032.33
733, 1032.35
734, 1032.35
735, 1032.36
736, 1032.39
737, 1032.48
738, 1032.5
739, 1032.59
740, 1032.6
741, 1032.6
742, 1032.6
743, 1032.63
744, 1032.68
745, 1032.73
746, 1032.74
747, 1032.78
748, 1032.79
749, 1032.81
750, 1032.87
751, 1032.9
752, 1032.99
753, 1033.1
754, 1033.18
755, 1033.21
756, 1033.23
757, 1033.25
758, 1033.26
759, 1033.26
760, 1033.27
761, 1033.36
762, 1033.43
763, 1033.5
764, 1033.54
765, 1033.54
766, 1033.62
767, 1033.65
768, 1033.66
769, 1033.71
770, 1033.73
771, 1033.73
772, 1033.75
773, 1033.79
774, 1033.84
775, 1033.88
776, 1034.01
777, 1034.03
778, 1034.08
779, 1034.08
780, 1034.11
781, 1034.13
782, 1034.14
783, 1034.14
784, 1034.14
785, 1034.25
786, 1034.28
787, 1034.3
788, 1034.3
789, 1034.32
790, 1034.43
791, 1034.44
792, 1034.44
793, 1034.45
794, 1034.53
795, 1034.57
796, 1034.59
797, 1034.62
798, 1034.64
799, 1034.64
800, 1034.69
801, 1034.69
802, 1034.71
803, 1034.73
804, 1034.76
805, 1034.79
806, 1034.79
807, 1034.84
808, 1034.85
809, 1034.86
810, 1034.97
811, 1035
812, 1035.02
813, 1035.07
814, 1035.07
815, 1035.11
816, 1035.2
817, 1035.23
818, 1035.28
819, 1035.37
820, 1035.39
821, 1035.39
822, 1035.5
823, 1035.53
824, 1035.54
825, 1035.56
826, 1035.57
827, 1035.59
828, 1035.6
829, 1035.6
830, 1035.61
831, 1035.64
832, 1035.66
833, 1035.67
834, 1035.73
835, 1035.79
836, 1035.8
837, 1035.94
838, 1035.98
839, 1036
840, 1036.04
841, 1036.06
842, 1036.08
843, 1036.1
844, 1036.11
845, 1036.13
846, 1036.13
847, 1036.17
848, 1036.2
849, 1036.21
850, 1036.22
851, 1036.24
852, 1036.25
853, 1036.28
854, 1036.28
855, 1036.33
856, 1036.34
857, 1036.34
858, 1036.39
859, 1036.39
860, 1036.43
861, 1036.51
862, 1036.54
863, 1036.64
864, 1036.65
865, 1036.76
866, 1036.81
867, 1036.81
868, 1036.85
869, 1036.87
870, 1036.87
871, 1036.9
872, 1036.9
873, 1036.91
874, 1037.04
875, 1037.06
876, 1037.07
877, 1037.08
878, 1037.08
879, 1037.14
880, 1037.14
881, 1037.14
882, 1037.14
883, 1037.17
884, 1037.19
885, 1037.24
886, 1037.28
887, 1037.36
888, 1037.45
889, 1037.46
890, 1037.47
891, 1037.51
892, 1037.53
893, 1037.58
894, 1037.58
895, 1037.62
896, 1037.67
897, 1037.68
898, 1037.69
899, 1037.76
900, 1037.81
901, 1037.84
902, 1037.84
903, 1037.85
904, 1037.88
905, 1037.95
906, 1037.96
907, 1037.99
908, 1038.01
909, 1038.01
910, 1038.15
911, 1038.31
912, 1038.37
913, 1038.38
914, 1038.4
915, 1038.43
916, 1038.43
917, 1038.46
918, 1038.46
919, 1038.51
920, 1038.54
921, 1038.54
922, 1038.59
923, 1038.61
924, 1038.63
925, 1038.67
926, 1038.76
927, 1038.79
928, 1038.8
929, 1038.86
930, 1038.89
931, 1038.89
932, 1038.92
933, 1038.93
934, 1038.94
935, 1039
936, 1039
937, 1039.01
938, 1039.02
939, 1039.02
940, 1039.06
941, 1039.07
942, 1039.1
943, 1039.11
944, 1039.18
945, 1039.24
946, 1039.33
947, 1039.36
948, 1039.36
949, 1039.43
950, 1039.46
951, 1039.46
952, 1039.5
953, 1039.51
954, 1039.53
955, 1039.55
956, 1039.55
957, 1039.57
958, 1039.57
959, 1039.59
960, 1039.6
961, 1039.61
962, 1039.61
963, 1039.63
964, 1039.67
965, 1039.68
966, 1039.71
967, 1039.72
968, 1039.73
969, 1039.77
970, 1039.77
971, 1039.77
972, 1039.77
973, 1039.8
974, 1039.8
975, 1039.8
976, 1039.81
977, 1039.83
978, 1039.86
979, 1039.87
980, 1039.89
981, 1039.91
982, 1039.98
983, 1040.01
984, 1040.06
985, 1040.06
986, 1040.1
987, 1040.12
988, 1040.14
989, 1040.15
990, 1040.17
991, 1040.18
992, 1040.25
993, 1040.25
994, 1040.28
995, 1040.28
996, 1040.28
997, 1040.28
998, 1040.29
999, 1040.31
1000, 1040.33
1001, 1040.34
1002, 1040.36
1003, 1040.39
1004, 1040.39
1005, 1040.4
1006, 1040.43
1007, 1040.48
1008, 1040.49
1009, 1040.53
1010, 1040.53
1011, 1040.59
1012, 1040.61
1013, 1040.64
1014, 1040.66
1015, 1040.67
1016, 1040.67
1017, 1040.72
1018, 1040.73
1019, 1040.79
1020, 1040.81
1021, 1040.87
1022, 1040.88
1023, 1040.99
1024, 1041
1025, 1041.07
1026, 1041.14
1027, 1041.15
1028, 1041.16
1029, 1041.16
1030, 1041.2
1031, 1041.22
1032, 1041.28
1033, 1041.29
1034, 1041.32
1035, 1041.33
1036, 1041.33
1037, 1041.34
1038, 1041.35
1039, 1041.41
1040, 1041.45
1041, 1041.46
1042, 1041.51
1043, 1041.53
1044, 1041.6
1045, 1041.64
1046, 1041.65
1047, 1041.65
1048, 1041.65
1049, 1041.68
1050, 1041.71
1051, 1041.72
1052, 1041.78
1053, 1041.78
1054, 1041.8
1055, 1041.81
1056, 1041.82
1057, 1041.83
1058, 1041.83
1059, 1041.84
1060, 1041.84
1061, 1041.85
1062, 1041.88
1063, 1041.89
1064, 1041.89
1065, 1041.9
1066, 1041.99
1067, 1042.03
1068, 1042.1
1069, 1042.1
1070, 1042.15
1071, 1042.2
1072, 1042.21
1073, 1042.21
1074, 1042.24
1075, 1042.29
1076, 1042.3
1077, 1042.33
1078, 1042.36
1079, 1042.37
1080, 1042.4
1081, 1042.41
1082, 1042.43
1083, 1042.44
1084, 1042.46
1085, 1042.53
1086, 1042.57
1087, 1042.59
1088, 1042.63
1089, 1042.64
1090, 1042.65
1091, 1042.65
1092, 1042.7
1093, 1042.75
1094, 1042.77
1095, 1042.78
1096, 1042.79
1097, 1042.81
1098, 1042.82
1099, 1042.84
1100, 1042.85
1101, 1042.86
1102, 1042.89
1103, 1042.91
1104, 1042.92
1105, 1042.95
1106, 1042.96
1107, 1042.96
1108, 1042.99
1109, 1043.02
1110, 1043.03
1111, 1043.06
1112, 1043.11
1113, 1043.12
1114, 1043.13
1115, 1043.14
1116, 1043.22
1117, 1043.3
1118, 1043.31
1119, 1043.33
1120, 1043.33
1121, 1043.34
1122, 1043.38
1123, 1043.42
1124, 1043.43
1125, 1043.48
1126, 1043.52
1127, 1043.53
1128, 1043.57
1129, 1043.61
1130, 1043.63
1131, 1043.67
1132, 1043.67
1133, 1043.7
1134, 1043.7
1135, 1043.7
1136, 1043.72
1137, 1043.73
1138, 1043.73
1139, 1043.74
1140, 1043.75
1141, 1043.8
1142, 1043.81
1143, 1043.83
1144, 1043.87
1145, 1043.88
1146, 1043.89
1147, 1043.89
1148, 1043.89
1149, 1043.9
1150, 1043.9
1151, 1043.9
1152, 1043.9
1153, 1043.92
1154, 1043.94
1155, 1043.95
1156, 1043.95
1157, 1044.03
1158, 1044.13
1159, 1044.16
1160, 1044.18
1161, 1044.21
1162, 1044.21
1163, 1044.22
1164, 1044.23
1165, 1044.24
1166, 1044.24
1167, 1044.24
1168, 1044.27
1169, 1044.29
1170, 1044.31
1171, 1044.32
1172, 1044.36
1173, 1044.37
1174, 1044.39
1175, 1044.42
1176, 1044.44
1177, 1044.45
1178, 1044.45
1179, 1044.46
1180, 1044.47
1181, 1044.48
1182, 1044.49
1183, 1044.52
1184, 1044.53
1185, 1044.6
1186, 1044.6
1187, 1044.64
1188, 1044.64
1189, 1044.66
1190, 1044.69
1191, 1044.7
1192, 1044.73
1193, 1044.77
1194, 1044.81
1195, 1044.9
1196, 1044.91
1197, 1044.94
1198, 1044.95
1199, 1044.98
1200, 1044.98
1201, 1044.99
1202, 1044.99
1203, 1045.01
1204, 1045.04
1205, 1045.04
1206, 1045.05
1207, 1045.09
1208, 1045.11
1209, 1045.11
1210, 1045.11
1211, 1045.12
1212, 1045.16
1213, 1045.18
1214, 1045.2
1215, 1045.22
1216, 1045.23
1217, 1045.23
1218, 1045.23
1219, 1045.26
1220, 1045.26
1221, 1045.28
1222, 1045.3
1223, 1045.32
1224, 1045.32
1225, 1045.36
1226, 1045.38
1227, 1045.4
1228, 1045.4
1229, 1045.4
1230, 1045.41
1231, 1045.42
1232, 1045.43
1233, 1045.47
1234, 1045.52
1235, 1045.55
1236, 1045.55
1237, 1045.56
1238, 1045.6
1239, 1045.6
1240, 1045.65
1241, 1045.65
1242, 1045.65
1243, 1045.66
1244, 1045.67
1245, 1045.76
1246, 1045.81
1247, 1045.83
1248, 1045.83
1249, 1045.83
1250, 1045.85
1251, 1045.86
1252, 1045.86
1253, 1045.88
1254, 1045.95
1255, 1045.95
1256, 1046.06
1257, 1046.1
1258, 1046.11
1259, 1046.13
1260, 1046.19
1261, 1046.21
1262, 1046.26
1263, 1046.33
1264, 1046.35
1265, 1046.42
1266, 1046.44
1267, 1046.44
1268, 1046.47
1269, 1046.5
1270, 1046.53
1271, 1046.56
1272, 1046.57
1273, 1046.61
1274, 1046.63
1275, 1046.64
1276, 1046.64
1277, 1046.66
1278, 1046.68
1279, 1046.68
1280, 1046.71
1281, 1046.71
1282, 1046.72
1283, 1046.73
1284, 1046.74
1285, 1046.76
1286, 1046.79
1287, 1046.8
1288, 1046.82
1289, 1046.84
1290, 1046.85
1291, 1046.89
1292, 1046.9
1293, 1046.91
1294, 1046.91
1295, 1046.93
1296, 1046.97
1297, 1047
1298, 1047
1299, 1047.03
1300, 1047.05
1301, 1047.06
1302, 1047.08
1303, 1047.08
1304, 1047.1
1305, 1047.11
1306, 1047.12
1307, 1047.16
1308, 1047.18
1309, 1047.19
1310, 1047.31
1311, 1047.32
1312, 1047.36
1313, 1047.36
1314, 1047.38
1315, 1047.42
1316, 1047.51
1317, 1047.51
1318, 1047.53
1319, 1047.56
1320, 1047.56
1321, 1047.6
1322, 1047.61
1323, 1047.64
1324, 1047.71
1325, 1047.74
1326, 1047.74
1327, 1047.75
1328, 1047.78
1329, 1047.79
1330, 1047.8
1331, 1047.82
1332, 1047.82
1333, 1047.85
1334, 1047.86
1335, 1047.9
1336, 1047.9
1337, 1047.92
1338, 1047.93
1339, 1047.94
1340, 1047.95
1341, 1047.95
1342, 1048
1343, 1048.03
1344, 1048.04
1345, 1048.04
1346, 1048.05
1347, 1048.05
1348, 1048.06
1349, 1048.11
1350, 1048.12
1351, 1048.12
1352, 1048.15
1353, 1048.16
1354, 1048.19
1355, 1048.19
1356, 1048.21
1357, 1048.29
1358, 1048.3
1359, 1048.31
1360, 1048.32
1361, 1048.32
1362, 1048.34
1363, 1048.34
1364, 1048.34
1365, 1048.35
1366, 1048.35
1367, 1048.36
1368, 1048.36
1369, 1048.41
1370, 1048.46
1371, 1048.46
1372, 1048.46
1373, 1048.47
1374, 1048.49
1375, 1048.53
1376, 1048.54
1377, 1048.6
1378, 1048.63
1379, 1048.64
1380, 1048.64
1381, 1048.66
1382, 1048.7
1383, 1048.72
1384, 1048.73
1385, 1048.73
1386, 1048.76
1387, 1048.77
1388, 1048.81
1389, 1048.82
1390, 1048.85
1391, 1048.9
1392, 1048.91
1393, 1048.94
1394, 1048.96
1395, 1048.97
1396, 1048.97
1397, 1049.02
1398, 1049.05
1399, 1049.07
1400, 1049.09
1401, 1049.14
1402, 1049.19
1403, 1049.2
1404, 1049.22
1405, 1049.24
1406, 1049.28
1407, 1049.29
1408, 1049.3
1409, 1049.3
1410, 1049.31
1411, 1049.31
1412, 1049.32
1413, 1049.32
1414, 1049.37
1415, 1049.43
1416, 1049.45
1417, 1049.48
1418, 1049.51
1419, 1049.53
1420, 1049.55
1421, 1049.56
1422, 1049.58
1423, 1049.58
1424, 1049.58
1425, 1049.59
1426, 1049.59
1427, 1049.64
1428, 1049.65
1429, 1049.65
1430, 1049.65
1431, 1049.68
1432, 1049.7
1433, 1049.7
1434, 1049.71
1435, 1049.72
1436, 1049.72
1437, 1049.77
1438, 1049.77
1439, 1049.78
1440, 1049.8
1441, 1049.89
1442, 1049.9
1443, 1049.91
1444, 1049.92
1445, 1049.93
1446, 1049.95
1447, 1049.98
1448, 1049.98
1449, 1049.99
1450, 1050
1451, 1050.03
1452, 1050.03
1453, 1050.04
1454, 1050.05
1455, 1050.05
1456, 1050.06
1457, 1050.09
1458, 1050.1
1459, 1050.11
1460, 1050.14
1461, 1050.14
1462, 1050.18
1463, 1050.19
1464, 1050.2
1465, 1050.23
1466, 1050.24
1467, 1050.25
1468, 1050.26
1469, 1050.27
1470, 1050.28
1471, 1050.3
1472, 1050.3
1473, 1050.32
1474, 1050.33
1475, 1050.34
1476, 1050.34
1477, 1050.34
1478, 1050.36
1479, 1050.37
1480, 1050.38
1481, 1050.44
1482, 1050.44
1483, 1050.46
1484, 1050.48
1485, 1050.48
1486, 1050.54
1487, 1050.6
1488, 1050.61
1489, 1050.62
1490, 1050.65
1491, 1050.7
1492, 1050.75
1493, 1050.76
1494, 1050.82
1495, 1050.82
1496, 1050.85
1497, 1050.85
1498, 1050.86
1499, 1050.92
1500, 1050.96
1501, 1050.96
1502, 1050.97
1503, 1050.98
1504, 1050.98
1505, 1050.99
1506, 1051.01
1507, 1051.04
1508, 1051.06
1509, 1051.12
1510, 1051.12
1511, 1051.13
1512, 1051.18
1513, 1051.2
1514, 1051.21
1515, 1051.22
1516, 1051.23
1517, 1051.25
1518, 1051.31
1519, 1051.34
1520, 1051.35
1521, 1051.36
1522, 1051.37
1523, 1051.4
1524, 1051.41
1525, 1051.44
1526, 1051.44
1527, 1051.45
1528, 1051.46
1529, 1051.49
1530, 1051.52
1531, 1051.54
1532, 1051.55
1533, 1051.62
1534, 1051.63
1535, 1051.64
1536, 1051.64
1537, 1051.67
1538, 1051.69
1539, 1051.69
1540, 1051.69
1541, 1051.7
1542, 1051.71
1543, 1051.77
1544, 1051.79
1545, 1051.81
1546, 1051.85
1547, 1051.86
1548, 1051.87
1549, 1051.92
1550, 1051.93
1551, 1051.95
1552, 1051.96
1553, 1051.98
1554, 1052
1555, 1052
1556, 1052.02
1557, 1052.03
1558, 1052.04
1559, 1052.07
1560, 1052.08
1561, 1052.08
1562, 1052.08
1563, 1052.09
1564, 1052.09
1565, 1052.1
1566, 1052.13
1567, 1052.14
1568, 1052.18
1569, 1052.19
1570, 1052.2
1571, 1052.21
1572, 1052.23
1573, 1052.27
1574, 1052.28
1575, 1052.29
1576, 1052.31
1577, 1052.33
1578, 1052.35
1579, 1052.39
1580, 1052.4
1581, 1052.42
1582, 1052.47
1583, 1052.48
1584, 1052.49
1585, 1052.5
1586, 1052.5
1587, 1052.52
1588, 1052.54
1589, 1052.55
1590, 1052.57
1591, 1052.58
1592, 1052.58
1593, 1052.59
1594, 1052.6
1595, 1052.63
1596, 1052.65
1597, 1052.68
1598, 1052.69
1599, 1052.71
1600, 1052.72
1601, 1052.73
1602, 1052.74
1603, 1052.77
1604, 1052.79
1605, 1052.8
1606, 1052.8
1607, 1052.83
1608, 1052.86
1609, 1052.89
1610, 1052.89
1611, 1052.92
1612, 1052.92
1613, 1052.93
1614, 1052.93
1615, 1052.95
1616, 1052.96
1617, 1052.97
1618, 1052.98
1619, 1053
1620, 1053.02
1621, 1053.05
1622, 1053.07
1623, 1053.13
1624, 1053.14
1625, 1053.15
1626, 1053.15
1627, 1053.15
1628, 1053.21
1629, 1053.21
1630, 1053.21
1631, 1053.22
1632, 1053.23
1633, 1053.23
1634, 1053.24
1635, 1053.31
1636, 1053.33
1637, 1053.33
1638, 1053.4
1639, 1053.4
1640, 1053.42
1641, 1053.43
1642, 1053.46
1643, 1053.46
1644, 1053.48
1645, 1053.5
1646, 1053.51
1647, 1053.56
1648, 1053.58
1649, 1053.58
1650, 1053.58
1651, 1053.6
1652, 1053.61
1653, 1053.62
1654, 1053.63
1655, 1053.64
1656, 1053.65
1657, 1053.67
1658, 1053.68
1659, 1053.68
1660, 1053.7
1661, 1053.7
1662, 1053.73
1663, 1053.73
1664, 1053.74
1665, 1053.8
1666, 1053.84
1667, 1053.86
1668, 1053.87
1669, 1053.87
1670, 1053.9
1671, 1053.9
1672, 1053.91
1673, 1053.91
1674, 1053.93
1675, 1053.95
1676, 1053.95
1677, 1054
1678, 1054
1679, 1054
1680, 1054.02
1681, 1054.03
1682, 1054.04
1683, 1054.05
1684, 1054.06
1685, 1054.08
1686, 1054.08
1687, 1054.09
1688, 1054.1
1689, 1054.14
1690, 1054.16
1691, 1054.16
1692, 1054.17
1693, 1054.18
1694, 1054.18
1695, 1054.18
1696, 1054.2
1697, 1054.2
1698, 1054.2
1699, 1054.23
1700, 1054.24
1701, 1054.25
1702, 1054.25
1703, 1054.25
1704, 1054.26
1705, 1054.27
1706, 1054.27
1707, 1054.3
1708, 1054.33
1709, 1054.35
1710, 1054.36
1711, 1054.36
1712, 1054.38
1713, 1054.4
1714, 1054.4
1715, 1054.41
1716, 1054.44
1717, 1054.45
1718, 1054.46
1719, 1054.49
1720, 1054.53
1721, 1054.53
1722, 1054.58
1723, 1054.58
1724, 1054.58
1725, 1054.59
1726, 1054.6
1727, 1054.61
1728, 1054.64
1729, 1054.64
1730, 1054.64
1731, 1054.7
1732, 1054.73
1733, 1054.73
1734, 1054.74
1735, 1054.76
1736, 1054.76
1737, 1054.77
1738, 1054.77
1739, 1054.85
1740, 1054.85
1741, 1054.88
1742, 1054.9
1743, 1054.91
1744, 1054.94
1745, 1054.94
1746, 1054.96
1747, 1054.97
1748, 1054.98
1749, 1055
1750, 1055.02
1751, 1055.05
1752, 1055.11
1753, 1055.14
1754, 1055.15
1755, 1055.18
1756, 1055.2
1757, 1055.22
1758, 1055.23
1759, 1055.25
1760, 1055.26
1761, 1055.26
1762, 1055.29
1763, 1055.29
1764, 1055.32
1765, 1055.33
1766, 1055.34
1767, 1055.34
1768, 1055.36
1769, 1055.37
1770, 1055.38
1771, 1055.38
1772, 1055.39
1773, 1055.39
1774, 1055.4
1775, 1055.4
1776, 1055.41
1777, 1055.41
1778, 1055.45
1779, 1055.46
1780, 1055.47
1781, 1055.48
1782, 1055.51
1783, 1055.52
1784, 1055.54
1785, 1055.58
1786, 1055.61
1787, 1055.62
1788, 1055.64
1789, 1055.64
1790, 1055.65
1791, 1055.66
1792, 1055.67
1793, 1055.67
1794, 1055.69
1795, 1055.69
1796, 1055.7
1797, 1055.7
1798, 1055.74
1799, 1055.78
1800, 1055.83
1801, 1055.83
1802, 1055.85
1803, 1055.85
1804, 1055.87
1805, 1055.88
1806, 1055.9
1807, 1055.91
1808, 1055.91
1809, 1055.93
1810, 1055.93
1811, 1055.94
1812, 1055.95
1813, 1055.98
1814, 1055.98
1815, 1055.99
1816, 1055.99
1817, 1056.03
1818, 1056.05
1819, 1056.09
1820, 1056.1
1821, 1056.11
1822, 1056.12
1823, 1056.12
1824, 1056.13
1825, 1056.16
1826, 1056.16
1827, 1056.16
1828, 1056.17
1829, 1056.21
1830, 1056.23
1831, 1056.24
1832, 1056.24
1833, 1056.25
1834, 1056.26
1835, 1056.3
1836, 1056.32
1837, 1056.39
1838, 1056.42
1839, 1056.43
1840, 1056.43
1841, 1056.45
1842, 1056.54
1843, 1056.61
1844, 1056.64
1845, 1056.65
1846, 1056.71
1847, 1056.72
1848, 1056.73
1849, 1056.76
1850, 1056.76
1851, 1056.77
1852, 1056.77
1853, 1056.81
1854, 1056.83
1855, 1056.85
1856, 1056.87
1857, 1056.88
1858, 1056.9
1859, 1056.94
1860, 1056.94
1861, 1056.97
1862, 1056.99
1863, 1057.01
1864, 1057.01
1865, 1057.07
1866, 1057.07
1867, 1057.1
1868, 1057.11
1869, 1057.13
1870, 1057.15
1871, 1057.16
1872, 1057.19
1873, 1057.2
1874, 1057.21
1875, 1057.23
1876, 1057.24
1877, 1057.24
1878, 1057.25
1879, 1057.27
1880, 1057.28
1881, 1057.28
1882, 1057.32
1883, 1057.32
1884, 1057.33
1885, 1057.33
1886, 1057.37
1887, 1057.41
1888, 1057.41
1889, 1057.42
1890, 1057.43
1891, 1057.43
1892, 1057.44
1893, 1057.44
1894, 1057.47
1895, 1057.48
1896, 1057.52
1897, 1057.56
1898, 1057.56
1899, 1057.57
1900, 1057.58
1901, 1057.59
1902, 1057.59
1903, 1057.65
1904, 1057.67
1905, 1057.7
1906, 1057.72
1907, 1057.72
1908, 1057.73
1909, 1057.74
1910, 1057.76
1911, 1057.81
1912, 1057.85
1913, 1057.85
1914, 1057.86
1915, 1057.87
1916, 1057.87
1917, 1057.87
1918, 1057.87
1919, 1057.88
1920, 1057.89
1921, 1057.9
1922, 1057.91
1923, 1057.92
1924, 1057.93
1925, 1057.93
1926, 1057.96
1927, 1057.99
1928, 1058
1929, 1058
1930, 1058
1931, 1058.01
1932, 1058.02
1933, 1058.04
1934, 1058.04
1935, 1058.04
1936, 1058.06
1937, 1058.06
1938, 1058.06
1939, 1058.07
1940, 1058.07
1941, 1058.08
1942, 1058.13
1943, 1058.18
1944, 1058.18
1945, 1058.18
1946, 1058.19
1947, 1058.2
1948, 1058.21
1949, 1058.23
1950, 1058.26
1951, 1058.29
1952, 1058.3
1953, 1058.3
1954, 1058.31
1955, 1058.37
1956, 1058.38
1957, 1058.41
1958, 1058.44
1959, 1058.44
1960, 1058.48
1961, 1058.5
1962, 1058.55
1963, 1058.56
1964, 1058.58
1965, 1058.62
1966, 1058.62
1967, 1058.62
1968, 1058.65
1969, 1058.7
1970, 1058.74
1971, 1058.74
1972, 1058.75
1973, 1058.79
1974, 1058.79
1975, 1058.8
1976, 1058.81
1977, 1058.82
1978, 1058.83
1979, 1058.83
1980, 1058.84
1981, 1058.87
1982, 1058.94
1983, 1058.97
1984, 1059.01
1985, 1059.04
1986, 1059.04
1987, 1059.06
1988, 1059.07
1989, 1059.08
1990, 1059.09
1991, 1059.09
1992, 1059.11
1993, 1059.12
1994, 1059.12
1995, 1059.12
1996, 1059.13
1997, 1059.13
1998, 1059.13
1999, 1059.16
2000, 1059.16
2001, 1059.16
2002, 1059.18
2003, 1059.18
2004, 1059.2
2005, 1059.24
2006, 1059.26
2007, 1059.26
2008, 1059.27
2009, 1059.28
2010, 1059.28
2011, 1059.28
2012, 1059.29
2013, 1059.29
2014, 1059.34
2015, 1059.35
2016, 1059.37
2017, 1059.37
2018, 1059.38
2019, 1059.39
2020, 1059.41
2021, 1059.42
2022, 1059.42
2023, 1059.45
2024, 1059.46
2025, 1059.48
2026, 1059.48
2027, 1059.49
2028, 1059.49
2029, 1059.53
2030, 1059.54
2031, 1059.56
2032, 1059.56
2033, 1059.61
2034, 1059.62
2035, 1059.63
2036, 1059.68
2037, 1059.7
2038, 1059.71
2039, 1059.73
2040, 1059.76
2041, 1059.76
2042, 1059.77
2043, 1059.77
2044, 1059.79
2045, 1059.8
2046, 1059.82
2047, 1059.83
2048, 1059.83
2049, 1059.84
2050, 1059.84
2051, 1059.85
2052, 1059.85
2053, 1059.86
2054, 1059.88
2055, 1059.89
2056, 1059.9
2057, 1059.9
2058, 1059.91
2059, 1059.91
2060, 1059.91
2061, 1059.91
2062, 1059.92
2063, 1059.92
2064, 1059.96
2065, 1059.96
2066, 1059.98
2067, 1059.98
2068, 1059.98
2069, 1059.99
2070, 1059.99
2071, 1060
2072, 1060.01
2073, 1060.03
2074, 1060.03
2075, 1060.04
2076, 1060.06
2077, 1060.07
2078, 1060.1
2079, 1060.1
2080, 1060.1
2081, 1060.1
2082, 1060.1
2083, 1060.12
2084, 1060.12
2085, 1060.12
2086, 1060.12
2087, 1060.14
2088, 1060.14
2089, 1060.14
2090, 1060.14
2091, 1060.14
2092, 1060.14
2093, 1060.14
2094, 1060.18
2095, 1060.21
2096, 1060.21
2097, 1060.22
2098, 1060.23
2099, 1060.24
2100, 1060.26
2101, 1060.28
2102, 1060.29
2103, 1060.3
2104, 1060.3
2105, 1060.34
2106, 1060.34
2107, 1060.34
2108, 1060.35
2109, 1060.35
2110, 1060.36
2111, 1060.36
2112, 1060.38
2113, 1060.39
2114, 1060.39
2115, 1060.4
2116, 1060.41
2117, 1060.41
2118, 1060.42
2119, 1060.42
2120, 1060.52
2121, 1060.52
2122, 1060.53
2123, 1060.57
2124, 1060.57
2125, 1060.57
2126, 1060.58
2127, 1060.59
2128, 1060.59
2129, 1060.63
2130, 1060.63
2131, 1060.66
2132, 1060.66
2133, 1060.66
2134, 1060.73
2135, 1060.73
2136, 1060.75
2137, 1060.76
2138, 1060.8
2139, 1060.8
2140, 1060.81
2141, 1060.81
2142, 1060.81
2143, 1060.85
2144, 1060.85
2145, 1060.85
2146, 1060.86
2147, 1060.88
2148, 1060.88
2149, 1060.89
2150, 1060.89
2151, 1060.9
2152, 1060.91
2153, 1060.91
2154, 1060.92
2155, 1060.96
2156, 1060.97
2157, 1060.98
2158, 1061.01
2159, 1061.04
2160, 1061.06
2161, 1061.09
2162, 1061.11
2163, 1061.12
2164, 1061.17
2165, 1061.19
2166, 1061.2
2167, 1061.21
2168, 1061.21
2169, 1061.23
2170, 1061.24
2171, 1061.25
2172, 1061.25
2173, 1061.26
2174, 1061.28
2175, 1061.29
2176, 1061.31
2177, 1061.34
2178, 1061.36
2179, 1061.36
2180, 1061.37
2181, 1061.39
2182, 1061.39
2183, 1061.45
2184, 1061.45
2185, 1061.45
2186, 1061.5
2187, 1061.52
2188, 1061.52
2189, 1061.55
2190, 1061.57
2191, 1061.58
2192, 1061.6
2193, 1061.61
2194, 1061.62
2195, 1061.66
2196, 1061.66
2197, 1061.67
2198, 1061.68
2199, 1061.68
2200, 1061.69
2201, 1061.72
2202, 1061.72
2203, 1061.72
2204, 1061.73
2205, 1061.74
2206, 1061.77
2207, 1061.77
2208, 1061.78
2209, 1061.8
2210, 1061.8
2211, 1061.8
2212, 1061.8
2213, 1061.8
2214, 1061.81
2215, 1061.82
2216, 1061.85
2217, 1061.87
2218, 1061.89
2219, 1061.9
2220, 1061.91
2221, 1061.92
2222, 1061.92
2223, 1061.92
2224, 1061.93
2225, 1061.94
2226, 1061.95
2227, 1061.95
2228, 1061.96
2229, 1062.01
2230, 1062.01
2231, 1062.01
2232, 1062.04
2233, 1062.05
2234, 1062.07
2235, 1062.07
2236, 1062.09
2237, 1062.14
2238, 1062.14
2239, 1062.14
2240, 1062.15
2241, 1062.15
2242, 1062.16
2243, 1062.17
2244, 1062.17
2245, 1062.19
2246, 1062.2
2247, 1062.2
2248, 1062.21
2249, 1062.21
2250, 1062.22
2251, 1062.23
2252, 1062.24
2253, 1062.24
2254, 1062.26
2255, 1062.27
2256, 1062.31
2257, 1062.32
2258, 1062.32
2259, 1062.33
2260, 1062.34
2261, 1062.35
2262, 1062.36
2263, 1062.38
2264, 1062.39
2265, 1062.39
2266, 1062.39
2267, 1062.4
2268, 1062.41
2269, 1062.41
2270, 1062.43
2271, 1062.44
2272, 1062.46
2273, 1062.47
2274, 1062.49
2275, 1062.51
2276, 1062.51
2277, 1062.52
2278, 1062.52
2279, 1062.53
2280, 1062.53
2281, 1062.57
2282, 1062.57
2283, 1062.57
2284, 1062.58
2285, 1062.59
2286, 1062.59
2287, 1062.59
2288, 1062.59
2289, 1062.61
2290, 1062.61
2291, 1062.61
2292, 1062.63
2293, 1062.67
2294, 1062.67
2295, 1062.68
2296, 1062.68
2297, 1062.72
2298, 1062.72
2299, 1062.73
2300, 1062.74
2301, 1062.76
2302, 1062.78
2303, 1062.78
2304, 1062.79
2305, 1062.79
2306, 1062.8
2307, 1062.8
2308, 1062.81
2309, 1062.81
2310, 1062.82
2311, 1062.83
2312, 1062.83
2313, 1062.83
2314, 1062.85
2315, 1062.85
2316, 1062.88
2317, 1062.9
2318, 1062.9
2319, 1062.94
2320, 1062.94
2321, 1062.98
2322, 1062.98
2323, 1062.98
2324, 1063
2325, 1063
2326, 1063.01
2327, 1063.03
2328, 1063.03
2329, 1063.04
2330, 1063.06
2331, 1063.09
2332, 1063.1
2333, 1063.11
2334, 1063.12
2335, 1063.13
2336, 1063.14
2337, 1063.15
2338, 1063.16
2339, 1063.17
2340, 1063.2
2341, 1063.21
2342, 1063.21
2343, 1063.22
2344, 1063.23
2345, 1063.24
2346, 1063.24
2347, 1063.24
2348, 1063.27
2349, 1063.29
2350, 1063.29
2351, 1063.3
2352, 1063.3
2353, 1063.31
2354, 1063.33
2355, 1063.33
2356, 1063.34
2357, 1063.35
2358, 1063.36
2359, 1063.36
2360, 1063.37
2361, 1063.38
2362, 1063.39
2363, 1063.39
2364, 1063.4
2365, 1063.4
2366, 1063.41
2367, 1063.41
2368, 1063.41
2369, 1063.42
2370, 1063.43
2371, 1063.44
2372, 1063.45
2373, 1063.46
2374, 1063.46
2375, 1063.46
2376, 1063.47
2377, 1063.48
2378, 1063.49
2379, 1063.49
2380, 1063.5
2381, 1063.52
2382, 1063.54
2383, 1063.54
2384, 1063.54
2385, 1063.55
2386, 1063.55
2387, 1063.57
2388, 1063.58
2389, 1063.58
2390, 1063.6
2391, 1063.63
2392, 1063.63
2393, 1063.64
2394, 1063.65
2395, 1063.65
2396, 1063.66
2397, 1063.67
2398, 1063.67
2399, 1063.67
2400, 1063.68
2401, 1063.69
2402, 1063.71
2403, 1063.72
2404, 1063.72
2405, 1063.72
2406, 1063.73
2407, 1063.74
2408, 1063.75
2409, 1063.76
2410, 1063.78
2411, 1063.78
2412, 1063.82
2413, 1063.84
2414, 1063.84
2415, 1063.84
2416, 1063.87
2417, 1063.87
2418, 1063.88
2419, 1063.88
2420, 1063.89
2421, 1063.89
2422, 1063.92
2423, 1063.93
2424, 1063.93
2425, 1063.93
2426, 1063.94
2427, 1063.94
2428, 1063.95
2429, 1063.95
2430, 1063.97
2431, 1063.97
2432, 1063.98
2433, 1064
2434, 1064
2435, 1064.01
2436, 1064.03
2437, 1064.03
2438, 1064.03
2439, 1064.04
2440, 1064.05
2441, 1064.07
2442, 1064.08
2443, 1064.12
2444, 1064.12
2445, 1064.13
2446, 1064.13
2447, 1064.14
2448, 1064.14
2449, 1064.14
2450, 1064.14
2451, 1064.15
2452, 1064.16
2453, 1064.19
2454, 1064.2
2455, 1064.2
2456, 1064.21
2457, 1064.22
2458, 1064.22
2459, 1064.22
2460, 1064.22
2461, 1064.24
2462, 1064.25
2463, 1064.27
2464, 1064.3
2465, 1064.31
2466, 1064.32
2467, 1064.32
2468, 1064.33
2469, 1064.33
2470, 1064.34
2471, 1064.34
2472, 1064.35
2473, 1064.37
2474, 1064.38
2475, 1064.39
2476, 1064.4
2477, 1064.41
2478, 1064.42
2479, 1064.43
2480, 1064.43
2481, 1064.44
2482, 1064.44
2483, 1064.44
2484, 1064.46
2485, 1064.46
2486, 1064.47
2487, 1064.48
2488, 1064.48
2489, 1064.49
2490, 1064.5
2491, 1064.54
2492, 1064.54
2493, 1064.55
2494, 1064.56
2495, 1064.57
2496, 1064.57
2497, 1064.59
2498, 1064.6
2499, 1064.61
2500, 1064.63
2501, 1064.66
2502, 1064.66
2503, 1064.68
2504, 1064.69
2505, 1064.69
2506, 1064.7
2507, 1064.72
2508, 1064.72
2509, 1064.73
2510, 1064.73
2511, 1064.74
2512, 1064.75
2513, 1064.75
2514, 1064.75
2515, 1064.75
2516, 1064.76
2517, 1064.76
2518, 1064.77
2519, 1064.77
2520, 1064.79
2521, 1064.8
2522, 1064.83
2523, 1064.83
2524, 1064.84
2525, 1064.87
2526, 1064.87
2527, 1064.89
2528, 1064.89
2529, 1064.9
2530, 1064.91
2531, 1064.93
2532, 1064.93
2533, 1064.94
2534, 1064.95
2535, 1064.96
2536, 1064.96
2537, 1064.99
2538, 1065
2539, 1065
2540, 1065
2541, 1065.02
2542, 1065.07
2543, 1065.07
2544, 1065.08
2545, 1065.09
2546, 1065.09
2547, 1065.1
2548, 1065.13
2549, 1065.14
2550, 1065.16
2551, 1065.19
2552, 1065.19
2553, 1065.22
2554, 1065.22
2555, 1065.23
2556, 1065.23
2557, 1065.24
2558, 1065.28
2559, 1065.29
2560, 1065.29
2561, 1065.32
2562, 1065.35
2563, 1065.36
2564, 1065.37
2565, 1065.37
2566, 1065.4
2567, 1065.4
2568, 1065.45
2569, 1065.48
2570, 1065.49
2571, 1065.49
2572, 1065.49
2573, 1065.51
2574, 1065.52
2575, 1065.52
2576, 1065.54
2577, 1065.54
2578, 1065.54
2579, 1065.55
2580, 1065.56
2581, 1065.58
2582, 1065.58
2583, 1065.61
2584, 1065.61
2585, 1065.62
2586, 1065.63
2587, 1065.64
2588, 1065.64
2589, 1065.66
2590, 1065.66
2591, 1065.66
2592, 1065.67
2593, 1065.67
2594, 1065.68
2595, 1065.69
2596, 1065.71
2597, 1065.71
2598, 1065.73
2599, 1065.74
2600, 1065.75
2601, 1065.75
2602, 1065.76
2603, 1065.76
2604, 1065.79
2605, 1065.79
2606, 1065.81
2607, 1065.82
2608, 1065.82
2609, 1065.82
2610, 1065.83
2611, 1065.87
2612, 1065.87
2613, 1065.89
2614, 1065.9
2615, 1065.9
2616, 1065.9
2617, 1065.9
2618, 1065.9
2619, 1065.91
2620, 1065.93
2621, 1065.94
2622, 1065.95
2623, 1065.95
2624, 1065.97
2625, 1066
2626, 1066.01
2627, 1066.01
2628, 1066.02
2629, 1066.03
2630, 1066.08
2631, 1066.09
2632, 1066.1
2633, 1066.1
2634, 1066.12
2635, 1066.13
2636, 1066.16
2637, 1066.18
2638, 1066.19
2639, 1066.21
2640, 1066.23
2641, 1066.25
2642, 1066.26
2643, 1066.26
2644, 1066.27
2645, 1066.29
2646, 1066.29
2647, 1066.3
2648, 1066.31
2649, 1066.31
2650, 1066.31
2651, 1066.32
2652, 1066.33
2653, 1066.35
2654, 1066.36
2655, 1066.38
2656, 1066.39
2657, 1066.39
2658, 1066.4
2659, 1066.4
2660, 1066.42
2661, 1066.45
2662, 1066.46
2663, 1066.47
2664, 1066.5
2665, 1066.5
2666, 1066.5
2667, 1066.53
2668, 1066.53
2669, 1066.54
2670, 1066.56
2671, 1066.58
2672, 1066.59
2673, 1066.6
2674, 1066.63
2675, 1066.64
2676, 1066.64
2677, 1066.64
2678, 1066.65
2679, 1066.66
2680, 1066.66
2681, 1066.68
2682, 1066.69
2683, 1066.69
2684, 1066.72
2685, 1066.72
2686, 1066.72
2687, 1066.73
2688, 1066.75
2689, 1066.77
2690, 1066.77
2691, 1066.77
2692, 1066.77
2693, 1066.77
2694, 1066.77
2695, 1066.78
2696, 1066.78
2697, 1066.79
2698, 1066.8
2699, 1066.81
2700, 1066.83
2701, 1066.84
2702, 1066.85
2703, 1066.9
2704, 1066.9
2705, 1066.93
2706, 1066.94
2707, 1066.94
2708, 1066.95
2709, 1066.96
2710, 1066.97
2711, 1066.97
2712, 1067.01
2713, 1067.01
2714, 1067.02
2715, 1067.02
2716, 1067.03
2717, 1067.04
2718, 1067.05
2719, 1067.07
2720, 1067.08
2721, 1067.09
2722, 1067.09
2723, 1067.09
2724, 1067.12
2725, 1067.12
2726, 1067.13
2727, 1067.13
2728, 1067.13
2729, 1067.13
2730, 1067.13
2731, 1067.15
2732, 1067.15
2733, 1067.16
2734, 1067.17
2735, 1067.19
2736, 1067.19
2737, 1067.2
2738, 1067.2
2739, 1067.21
2740, 1067.22
2741, 1067.22
2742, 1067.23
2743, 1067.23
2744, 1067.23
2745, 1067.24
2746, 1067.25
2747, 1067.26
2748, 1067.27
2749, 1067.27
2750, 1067.29
2751, 1067.32
2752, 1067.32
2753, 1067.34
2754, 1067.34
2755, 1067.36
2756, 1067.36
2757, 1067.37
2758, 1067.38
2759, 1067.41
2760, 1067.41
2761, 1067.42
2762, 1067.43
2763, 1067.44
2764, 1067.44
2765, 1067.45
2766, 1067.46
2767, 1067.47
2768, 1067.48
2769, 1067.48
2770, 1067.49
2771, 1067.49
2772, 1067.5
2773, 1067.51
2774, 1067.52
2775, 1067.54
2776, 1067.55
2777, 1067.56
2778, 1067.57
2779, 1067.57
2780, 1067.59
2781, 1067.59
2782, 1067.63
2783, 1067.63
2784, 1067.64
2785, 1067.64
2786, 1067.64
2787, 1067.65
2788, 1067.66
2789, 1067.69
2790, 1067.69
2791, 1067.72
2792, 1067.72
2793, 1067.74
2794, 1067.74
2795, 1067.75
2796, 1067.75
2797, 1067.76
2798, 1067.78
2799, 1067.79
2800, 1067.8
2801, 1067.81
2802, 1067.81
2803, 1067.82
2804, 1067.82
2805, 1067.83
2806, 1067.83
2807, 1067.83
2808, 1067.83
2809, 1067.86
2810, 1067.86
2811, 1067.87
2812, 1067.88
2813, 1067.89
2814, 1067.89
2815, 1067.89
2816, 1067.89
2817, 1067.9
2818, 1067.93
2819, 1067.93
2820, 1067.97
2821, 1068
2822, 1068.04
2823, 1068.04
2824, 1068.05
2825, 1068.06
2826, 1068.06
2827, 1068.07
2828, 1068.08
2829, 1068.09
2830, 1068.09
2831, 1068.1
2832, 1068.1
2833, 1068.11
2834, 1068.12
2835, 1068.14
2836, 1068.17
2837, 1068.18
2838, 1068.18
2839, 1068.19
2840, 1068.19
2841, 1068.2
2842, 1068.2
2843, 1068.2
2844, 1068.22
2845, 1068.24
2846, 1068.26
2847, 1068.27
2848, 1068.27
2849, 1068.27
2850, 1068.28
2851, 1068.29
2852, 1068.32
2853, 1068.32
2854, 1068.33
2855, 1068.34
2856, 1068.35
2857, 1068.36
2858, 1068.36
2859, 1068.36
2860, 1068.37
2861, 1068.38
2862, 1068.4
2863, 1068.41
2864, 1068.46
2865, 1068.46
2866, 1068.47
2867, 1068.48
2868, 1068.48
2869, 1068.48
2870, 1068.49
2871, 1068.49
2872, 1068.49
2873, 1068.49
2874, 1068.5
2875, 1068.52
2876, 1068.52
2877, 1068.54
2878, 1068.54
2879, 1068.55
2880, 1068.55
2881, 1068.61
2882, 1068.63
2883, 1068.63
2884, 1068.64
2885, 1068.65
2886, 1068.67
2887, 1068.67
2888, 1068.68
2889, 1068.68
2890, 1068.7
2891, 1068.71
2892, 1068.73
2893, 1068.74
2894, 1068.75
2895, 1068.77
2896, 1068.77
2897, 1068.78
2898, 1068.78
2899, 1068.8
2900, 1068.83
2901, 1068.85
2902, 1068.86
2903, 1068.86
2904, 1068.87
2905, 1068.87
2906, 1068.89
2907, 1068.9
2908, 1068.9
2909, 1068.9
2910, 1068.91
2911, 1068.92
2912, 1068.93
2913, 1068.94
2914, 1068.94
2915, 1068.95
2916, 1068.97
2917, 1069
2918, 1069.01
2919, 1069.01
2920, 1069.03
2921, 1069.03
2922, 1069.04
2923, 1069.04
2924, 1069.05
2925, 1069.05
2926, 1069.06
2927, 1069.07
2928, 1069.09
2929, 1069.11
2930, 1069.13
2931, 1069.16
2932, 1069.18
2933, 1069.22
2934, 1069.24
2935, 1069.25
2936, 1069.26
2937, 1069.27
2938, 1069.28
2939, 1069.29
2940, 1069.3
2941, 1069.3
2942, 1069.3
2943, 1069.31
2944, 1069.33
2945, 1069.34
2946, 1069.35
2947, 1069.35
2948, 1069.36
2949, 1069.37
2950, 1069.41
2951, 1069.41
2952, 1069.43
2953, 1069.43
2954, 1069.44
2955, 1069.45
2956, 1069.45
2957, 1069.45
2958, 1069.45
2959, 1069.45
2960, 1069.48
2961, 1069.48
2962, 1069.49
2963, 1069.5
2964, 1069.52
2965, 1069.52
2966, 1069.55
2967, 1069.55
2968, 1069.58
2969, 1069.61
2970, 1069.61
2971, 1069.62
2972, 1069.62
2973, 1069.64
2974, 1069.65
2975, 1069.65
2976, 1069.66
2977, 1069.66
2978, 1069.68
2979, 1069.69
2980, 1069.69
2981, 1069.69
2982, 1069.69
2983, 1069.7
2984, 1069.73
2985, 1069.73
2986, 1069.75
2987, 1069.76
2988, 1069.77
2989, 1069.78
2990, 1069.78
2991, 1069.79
2992, 1069.82
2993, 1069.82
2994, 1069.83
2995, 1069.84
2996, 1069.84
2997, 1069.86
2998, 1069.89
2999, 1069.89
3000, 1069.9
3001, 1069.91
3002, 1069.92
3003, 1069.93
3004, 1069.94
3005, 1069.94
3006, 1069.94
3007, 1069.96
3008, 1069.96
3009, 1069.97
3010, 1069.97
3011, 1069.99
3012, 1069.99
3013, 1070.01
3014, 1070.03
3015, 1070.05
3016, 1070.07
3017, 1070.08
3018, 1070.09
3019, 1070.09
3020, 1070.09
3021, 1070.1
3022, 1070.11
3023, 1070.12
3024, 1070.17
3025, 1070.17
3026, 1070.18
3027, 1070.19
3028, 1070.21
3029, 1070.21
3030, 1070.22
3031, 1070.22
3032, 1070.22
3033, 1070.24
3034, 1070.26
3035, 1070.26
3036, 1070.26
3037, 1070.27
3038, 1070.27
3039, 1070.28
3040, 1070.28
3041, 1070.31
3042, 1070.31
3043, 1070.32
3044, 1070.33
3045, 1070.33
3046, 1070.33
3047, 1070.34
3048, 1070.34
3049, 1070.36
3050, 1070.36
3051, 1070.37
3052, 1070.38
3053, 1070.39
3054, 1070.4
3055, 1070.4
3056, 1070.41
3057, 1070.41
3058, 1070.41
3059, 1070.44
3060, 1070.44
3061, 1070.45
3062, 1070.45
3063, 1070.45
3064, 1070.48
3065, 1070.49
3066, 1070.5
3067, 1070.5
3068, 1070.51
3069, 1070.53
3070, 1070.54
3071, 1070.59
3072, 1070.6
3073, 1070.62
3074, 1070.62
3075, 1070.64
3076, 1070.65
3077, 1070.65
3078, 1070.67
3079, 1070.68
3080, 1070.69
3081, 1070.69
3082, 1070.7
3083, 1070.7
3084, 1070.72
3085, 1070.72
3086, 1070.73
3087, 1070.74
3088, 1070.74
3089, 1070.76
3090, 1070.76
3091, 1070.77
3092, 1070.78
3093, 1070.78
3094, 1070.79
3095, 1070.79
3096, 1070.8
3097, 1070.8
3098, 1070.8
3099, 1070.8
3100, 1070.81
3101, 1070.83
3102, 1070.86
3103, 1070.87
3104, 1070.87
3105, 1070.88
3106, 1070.88
3107, 1070.9
3108, 1070.9
3109, 1070.91
3110, 1070.91
3111, 1070.92
3112, 1070.92
3113, 1070.92
3114, 1070.93
3115, 1070.93
3116, 1070.93
3117, 1070.94
3118, 1070.95
3119, 1070.95
3120, 1070.97
3121, 1070.99
3122, 1070.99
3123, 1071.05
3124, 1071.06
3125, 1071.06
3126, 1071.07
3127, 1071.07
3128, 1071.1
3129, 1071.11
3130, 1071.14
3131, 1071.17
3132, 1071.19
3133, 1071.19
3134, 1071.19
3135, 1071.19
3136, 1071.2
3137, 1071.2
3138, 1071.21
3139, 1071.23
3140, 1071.23
3141, 1071.23
3142, 1071.24
3143, 1071.24
3144, 1071.24
3145, 1071.26
3146, 1071.26
3147, 1071.26
3148, 1071.27
3149, 1071.27
3150, 1071.31
3151, 1071.31
3152, 1071.33
3153, 1071.34
3154, 1071.36
3155, 1071.37
3156, 1071.37
3157, 1071.38
3158, 1071.39
3159, 1071.39
3160, 1071.4
3161, 1071.4
3162, 1071.41
3163, 1071.43
3164, 1071.45
3165, 1071.45
3166, 1071.47
3167, 1071.47
3168, 1071.47
3169, 1071.48
3170, 1071.5
3171, 1071.51
3172, 1071.55
3173, 1071.56
3174, 1071.58
3175, 1071.6
3176, 1071.61
3177, 1071.62
3178, 1071.62
3179, 1071.65
3180, 1071.66
3181, 1071.66
3182, 1071.68
3183, 1071.7
3184, 1071.7
3185, 1071.71
3186, 1071.73
3187, 1071.77
3188, 1071.77
3189, 1071.77
3190, 1071.77
3191, 1071.79
3192, 1071.8
3193, 1071.83
3194, 1071.83
3195, 1071.86
3196, 1071.87
3197, 1071.87
3198, 1071.88
3199, 1071.89
3200, 1071.89
3201, 1071.9
3202, 1071.9
3203, 1071.92
3204, 1071.93
3205, 1071.93
3206, 1071.94
3207, 1071.94
3208, 1071.94
3209, 1071.94
3210, 1071.95
3211, 1071.95
3212, 1071.96
3213, 1071.97
3214, 1071.97
3215, 1071.97
3216, 1071.97
3217, 1071.98
3218, 1071.99
3219, 1072
3220, 1072.01
3221, 1072.05
3222, 1072.07
3223, 1072.07
3224, 1072.08
3225, 1072.1
3226, 1072.13
3227, 1072.14
3228, 1072.16
3229, 1072.16
3230, 1072.16
3231, 1072.16
3232, 1072.17
3233, 1072.17
3234, 1072.18
3235, 1072.18
3236, 1072.19
3237, 1072.2
3238, 1072.21
3239, 1072.25
3240, 1072.26
3241, 1072.26
3242, 1072.27
3243, 1072.27
3244, 1072.28
3245, 1072.3
3246, 1072.3
3247, 1072.31
3248, 1072.33
3249, 1072.33
3250, 1072.33
3251, 1072.35
3252, 1072.35
3253, 1072.36
3254, 1072.37
3255, 1072.37
3256, 1072.37
3257, 1072.38
3258, 1072.38
3259, 1072.38
3260, 1072.42
3261, 1072.42
3262, 1072.42
3263, 1072.44
3264, 1072.46
3265, 1072.47
3266, 1072.48
3267, 1072.5
3268, 1072.5
3269, 1072.51
3270, 1072.52
3271, 1072.53
3272, 1072.53
3273, 1072.54
3274, 1072.55
3275, 1072.56
3276, 1072.57
3277, 1072.57
3278, 1072.58
3279, 1072.58
3280, 1072.59
3281, 1072.6
3282, 1072.62
3283, 1072.63
3284, 1072.64
3285, 1072.64
3286, 1072.65
3287, 1072.66
3288, 1072.66
3289, 1072.67
3290, 1072.67
3291, 1072.67
3292, 1072.67
3293, 1072.68
3294, 1072.68
3295, 1072.69
3296, 1072.7
3297, 1072.71
3298, 1072.71
3299, 1072.75
3300, 1072.76
3301, 1072.78
3302, 1072.8
3303, 1072.83
3304, 1072.83
3305, 1072.83
3306, 1072.84
3307, 1072.85
3308, 1072.85
3309, 1072.87
3310, 1072.88
3311, 1072.89
3312, 1072.9
3313, 1072.91
3314, 1072.91
3315, 1072.92
3316, 1072.94
3317, 1072.94
3318, 1072.94
3319, 1072.94
3320, 1072.95
3321, 1072.96
3322, 1072.96
3323, 1072.96
3324, 1072.96
3325, 1072.97
3326, 1072.98
3327, 1072.99
3328, 1073
3329, 1073.01
3330, 1073.05
3331, 1073.06
3332, 1073.06
3333, 1073.06
3334, 1073.07
3335, 1073.08
3336, 1073.08
3337, 1073.08
3338, 1073.1
3339, 1073.1
3340, 1073.11
3341, 1073.15
3342, 1073.16
3343, 1073.16
3344, 1073.2
3345, 1073.2
3346, 1073.2
3347, 1073.21
3348, 1073.22
3349, 1073.24
3350, 1073.25
3351, 1073.25
3352, 1073.26
3353, 1073.27
3354, 1073.31
3355, 1073.32
3356, 1073.33
3357, 1073.33
3358, 1073.36
3359, 1073.37
3360, 1073.37
3361, 1073.37
3362, 1073.37
3363, 1073.37
3364, 1073.38
3365, 1073.39
3366, 1073.4
3367, 1073.41
3368, 1073.42
3369, 1073.43
3370, 1073.43
3371, 1073.47
3372, 1073.48
3373, 1073.49
3374, 1073.51
3375, 1073.51
3376, 1073.52
3377, 1073.52
3378, 1073.55
3379, 1073.55
3380, 1073.56
3381, 1073.57
3382, 1073.57
3383, 1073.57
3384, 1073.57
3385, 1073.58
3386, 1073.58
3387, 1073.58
3388, 1073.58
3389, 1073.6
3390, 1073.61
3391, 1073.63
3392, 1073.63
3393, 1073.63
3394, 1073.64
3395, 1073.64
3396, 1073.65
3397, 1073.67
3398, 1073.68
3399, 1073.69
3400, 1073.7
3401, 1073.71
3402, 1073.71
3403, 1073.72
3404, 1073.72
3405, 1073.72
3406, 1073.72
3407, 1073.74
3408, 1073.76
3409, 1073.78
3410, 1073.78
3411, 1073.79
3412, 1073.8
3413, 1073.81
3414, 1073.83
3415, 1073.84
3416, 1073.85
3417, 1073.85
3418, 1073.86
3419, 1073.86
3420, 1073.87
3421, 1073.87
3422, 1073.87
3423, 1073.88
3424, 1073.88
3425, 1073.89
3426, 1073.9
3427, 1073.9
3428, 1073.9
3429, 1073.91
3430, 1073.91
3431, 1073.93
3432, 1073.93
3433, 1073.93
3434, 1073.94
3435, 1073.94
3436, 1073.96
3437, 1073.97
3438, 1073.97
3439, 1073.97
3440, 1073.98
3441, 1073.99
3442, 1074.01
3443, 1074.01
3444, 1074.02
3445, 1074.02
3446, 1074.02
3447, 1074.02
3448, 1074.03
3449, 1074.03
3450, 1074.04
3451, 1074.06
3452, 1074.08
3453, 1074.1
3454, 1074.12
3455, 1074.12
3456, 1074.14
3457, 1074.15
3458, 1074.17
3459, 1074.17
3460, 1074.2
3461, 1074.21
3462, 1074.22
3463, 1074.22
3464, 1074.23
3465, 1074.23
3466, 1074.24
3467, 1074.26
3468, 1074.26
3469, 1074.27
3470, 1074.27
3471, 1074.27
3472, 1074.27
3473, 1074.28
3474, 1074.3
3475, 1074.31
3476, 1074.33
3477, 1074.33
3478, 1074.35
3479, 1074.35
3480, 1074.36
3481, 1074.37
3482, 1074.38
3483, 1074.39
3484, 1074.39
3485, 1074.39
3486, 1074.4
3487, 1074.4
3488, 1074.41
3489, 1074.41
3490, 1074.41
3491, 1074.42
3492, 1074.44
3493, 1074.44
3494, 1074.45
3495, 1074.45
3496, 1074.46
3497, 1074.46
3498, 1074.46
3499, 1074.46
3500, 1074.47
3501, 1074.5
3502, 1074.51
3503, 1074.51
3504, 1074.51
3505, 1074.52
3506, 1074.53
3507, 1074.54
3508, 1074.55
3509, 1074.55
3510, 1074.56
3511, 1074.56
3512, 1074.58
3513, 1074.6
3514, 1074.6
3515, 1074.63
3516, 1074.63
3517, 1074.64
3518, 1074.65
3519, 1074.67
3520, 1074.67
3521, 1074.68
3522, 1074.68
3523, 1074.69
3524, 1074.7
3525, 1074.7
3526, 1074.71
3527, 1074.71
3528, 1074.72
3529, 1074.73
3530, 1074.73
3531, 1074.73
3532, 1074.73
3533, 1074.76
3534, 1074.76
3535, 1074.77
3536, 1074.77
3537, 1074.8
3538, 1074.82
3539, 1074.84
3540, 1074.86
3541, 1074.87
3542, 1074.9
3543, 1074.91
3544, 1074.93
3545, 1074.94
3546, 1074.95
3547, 1074.97
3548, 1074.97
3549, 1074.97
3550, 1075.01
3551, 1075.06
3552, 1075.07
3553, 1075.08
3554, 1075.12
3555, 1075.15
3556, 1075.19
3557, 1075.19
3558, 1075.19
3559, 1075.19
3560, 1075.19
3561, 1075.19
3562, 1075.2
3563, 1075.2
3564, 1075.2
3565, 1075.21
3566, 1075.24
3567, 1075.26
3568, 1075.28
3569, 1075.29
3570, 1075.29
3571, 1075.3
3572, 1075.3
3573, 1075.32
3574, 1075.32
3575, 1075.33
3576, 1075.33
3577, 1075.33
3578, 1075.33
3579, 1075.34
3580, 1075.35
3581, 1075.35
3582, 1075.36
3583, 1075.36
3584, 1075.37
3585, 1075.38
3586, 1075.39
3587, 1075.4
3588, 1075.41
3589, 1075.41
3590, 1075.41
3591, 1075.43
3592, 1075.43
3593, 1075.44
3594, 1075.45
3595, 1075.47
3596, 1075.47
3597, 1075.48
3598, 1075.49
3599, 1075.49
3600, 1075.51
3601, 1075.53
3602, 1075.53
3603, 1075.53
3604, 1075.54
3605, 1075.54
3606, 1075.55
3607, 1075.56
3608, 1075.56
3609, 1075.56
3610, 1075.56
3611, 1075.57
3612, 1075.57
3613, 1075.57
3614, 1075.57
3615, 1075.59
3616, 1075.61
3617, 1075.62
3618, 1075.62
3619, 1075.63
3620, 1075.63
3621, 1075.63
3622, 1075.65
3623, 1075.67
3624, 1075.71
3625, 1075.71
3626, 1075.72
3627, 1075.73
3628, 1075.74
3629, 1075.75
3630, 1075.75
3631, 1075.76
3632, 1075.76
3633, 1075.76
3634, 1075.76
3635, 1075.77
3636, 1075.77
3637, 1075.78
3638, 1075.78
3639, 1075.81
3640, 1075.83
3641, 1075.83
3642, 1075.84
3643, 1075.86
3644, 1075.86
3645, 1075.89
3646, 1075.9
3647, 1075.91
3648, 1075.94
3649, 1075.97
3650, 1075.97
3651, 1075.97
3652, 1075.99
3653, 1076
3654, 1076.01
3655, 1076.02
3656, 1076.04
3657, 1076.04
3658, 1076.05
3659, 1076.05
3660, 1076.06
3661, 1076.07
3662, 1076.08
3663, 1076.09
3664, 1076.11
3665, 1076.11
3666, 1076.11
3667, 1076.12
3668, 1076.12
3669, 1076.14
3670, 1076.15
3671, 1076.17
3672, 1076.17
3673, 1076.17
3674, 1076.17
3675, 1076.17
3676, 1076.17
3677, 1076.17
3678, 1076.18
3679, 1076.18
3680, 1076.19
3681, 1076.19
3682, 1076.2
3683, 1076.21
3684, 1076.22
3685, 1076.23
3686, 1076.23
3687, 1076.24
3688, 1076.24
3689, 1076.25
3690, 1076.25
3691, 1076.25
3692, 1076.32
3693, 1076.33
3694, 1076.33
3695, 1076.34
3696, 1076.35
3697, 1076.35
3698, 1076.35
3699, 1076.36
3700, 1076.37
3701, 1076.38
3702, 1076.39
3703, 1076.41
3704, 1076.43
3705, 1076.43
3706, 1076.43
3707, 1076.44
3708, 1076.44
3709, 1076.44
3710, 1076.45
3711, 1076.48
3712, 1076.48
3713, 1076.49
3714, 1076.5
3715, 1076.5
3716, 1076.5
3717, 1076.51
3718, 1076.51
3719, 1076.53
3720, 1076.53
3721, 1076.55
3722, 1076.56
3723, 1076.57
3724, 1076.58
3725, 1076.58
3726, 1076.59
3727, 1076.59
3728, 1076.6
3729, 1076.6
3730, 1076.61
3731, 1076.63
3732, 1076.64
3733, 1076.65
3734, 1076.65
3735, 1076.66
3736, 1076.67
3737, 1076.68
3738, 1076.7
3739, 1076.72
3740, 1076.74
3741, 1076.74
3742, 1076.74
3743, 1076.75
3744, 1076.75
3745, 1076.76
3746, 1076.77
3747, 1076.78
3748, 1076.8
3749, 1076.81
3750, 1076.84
3751, 1076.85
3752, 1076.86
3753, 1076.87
3754, 1076.87
3755, 1076.89
3756, 1076.89
3757, 1076.89
3758, 1076.89
3759, 1076.91
3760, 1076.93
3761, 1076.94
3762, 1076.95
3763, 1076.95
3764, 1076.95
3765, 1076.97
3766, 1076.99
3767, 1076.99
3768, 1077
3769, 1077
3770, 1077.03
3771, 1077.04
3772, 1077.04
3773, 1077.07
3774, 1077.08
3775, 1077.08
3776, 1077.08
3777, 1077.09
3778, 1077.09
3779, 1077.1
3780, 1077.1
3781, 1077.11
3782, 1077.11
3783, 1077.12
3784, 1077.13
3785, 1077.13
3786, 1077.14
3787, 1077.14
3788, 1077.14
3789, 1077.16
3790, 1077.16
3791, 1077.16
3792, 1077.17
3793, 1077.18
3794, 1077.18
3795, 1077.19
3796, 1077.2
3797, 1077.2
3798, 1077.21
3799, 1077.21
3800, 1077.22
3801, 1077.26
3802, 1077.28
3803, 1077.29
3804, 1077.3
3805, 1077.31
3806, 1077.31
3807, 1077.36
3808, 1077.39
3809, 1077.4
3810, 1077.4
3811, 1077.41
3812, 1077.43
3813, 1077.43
3814, 1077.46
3815, 1077.48
3816, 1077.48
3817, 1077.49
3818, 1077.49
3819, 1077.49
3820, 1077.49
3821, 1077.5
3822, 1077.53
3823, 1077.54
3824, 1077.54
3825, 1077.56
3826, 1077.57
3827, 1077.57
3828, 1077.58
3829, 1077.59
3830, 1077.62
3831, 1077.62
3832, 1077.64
3833, 1077.64
3834, 1077.65
3835, 1077.67
3836, 1077.68
3837, 1077.74
3838, 1077.74
3839, 1077.74
3840, 1077.77
3841, 1077.78
3842, 1077.78
3843, 1077.79
3844, 1077.8
3845, 1077.81
3846, 1077.85
3847, 1077.86
3848, 1077.87
3849, 1077.88
3850, 1077.88
3851, 1077.88
3852, 1077.92
3853, 1077.97
3854, 1077.98
3855, 1078
3856, 1078.01
3857, 1078.01
3858, 1078.03
3859, 1078.07
3860, 1078.07
3861, 1078.09
3862, 1078.09
3863, 1078.09
3864, 1078.09
3865, 1078.1
3866, 1078.1
3867, 1078.1
3868, 1078.11
3869, 1078.11
3870, 1078.11
3871, 1078.12
3872, 1078.13
3873, 1078.13
3874, 1078.15
3875, 1078.18
3876, 1078.19
3877, 1078.2
3878, 1078.24
3879, 1078.25
3880, 1078.25
3881, 1078.27
3882, 1078.28
3883, 1078.29
3884, 1078.3
3885, 1078.31
3886, 1078.35
3887, 1078.35
3888, 1078.37
3889, 1078.37
3890, 1078.37
3891, 1078.39
3892, 1078.4
3893, 1078.41
3894, 1078.41
3895, 1078.43
3896, 1078.44
3897, 1078.46
3898, 1078.47
3899, 1078.48
3900, 1078.49
3901, 1078.49
3902, 1078.51
3903, 1078.56
3904, 1078.59
3905, 1078.59
3906, 1078.6
3907, 1078.63
3908, 1078.64
3909, 1078.64
3910, 1078.65
3911, 1078.69
3912, 1078.69
3913, 1078.7
3914, 1078.7
3915, 1078.71
3916, 1078.71
3917, 1078.71
3918, 1078.73
3919, 1078.74
3920, 1078.74
3921, 1078.74
3922, 1078.76
3923, 1078.8
3924, 1078.83
3925, 1078.84
3926, 1078.86
3927, 1078.86
3928, 1078.88
3929, 1078.89
3930, 1078.9
3931, 1078.92
3932, 1078.93
3933, 1078.94
3934, 1078.96
3935, 1078.97
3936, 1078.98
3937, 1079.01
3938, 1079.03
3939, 1079.04
3940, 1079.05
3941, 1079.08
3942, 1079.08
3943, 1079.1
3944, 1079.13
3945, 1079.13
3946, 1079.19
3947, 1079.21
3948, 1079.22
3949, 1079.23
3950, 1079.23
3951, 1079.26
3952, 1079.26
3953, 1079.26
3954, 1079.27
3955, 1079.27
3956, 1079.28
3957, 1079.28
3958, 1079.28
3959, 1079.28
3960, 1079.31
3961, 1079.31
3962, 1079.33
3963, 1079.34
3964, 1079.35
3965, 1079.38
3966, 1079.39
3967, 1079.39
3968, 1079.4
3969, 1079.41
3970, 1079.41
3971, 1079.42
3972, 1079.42
3973, 1079.43
3974, 1079.44
3975, 1079.44
3976, 1079.44
3977, 1079.44
3978, 1079.45
3979, 1079.47
3980, 1079.49
3981, 1079.49
3982, 1079.5
3983, 1079.5
3984, 1079.52
3985, 1079.53
3986, 1079.53
3987, 1079.53
3988, 1079.54
3989, 1079.54
3990, 1079.56
3991, 1079.56
3992, 1079.59
3993, 1079.61
3994, 1079.61
3995, 1079.62
3996, 1079.62
3997, 1079.63
3998, 1079.63
3999, 1079.68
4000, 1079.69
4001, 1079.69
4002, 1079.7
4003, 1079.7
4004, 1079.71
4005, 1079.71
4006, 1079.72
4007, 1079.73
4008, 1079.73
4009, 1079.75
4010, 1079.75
4011, 1079.79
4012, 1079.8
4013, 1079.82
4014, 1079.84
4015, 1079.84
4016, 1079.85
4017, 1079.85
4018, 1079.85
4019, 1079.89
4020, 1079.89
4021, 1079.92
4022, 1079.92
4023, 1079.94
4024, 1079.96
4025, 1079.96
4026, 1079.96
4027, 1079.97
4028, 1079.97
4029, 1079.99
4030, 1080
4031, 1080
4032, 1080.01
4033, 1080.01
4034, 1080.06
4035, 1080.08
4036, 1080.08
4037, 1080.08
4038, 1080.08
4039, 1080.1
4040, 1080.1
4041, 1080.11
4042, 1080.11
4043, 1080.12
4044, 1080.13
4045, 1080.16
4046, 1080.18
4047, 1080.19
4048, 1080.19
4049, 1080.19
4050, 1080.19
4051, 1080.19
4052, 1080.19
4053, 1080.2
4054, 1080.21
4055, 1080.22
4056, 1080.23
4057, 1080.23
4058, 1080.24
4059, 1080.24
4060, 1080.25
4061, 1080.26
4062, 1080.27
4063, 1080.27
4064, 1080.28
4065, 1080.29
4066, 1080.31
4067, 1080.31
4068, 1080.31
4069, 1080.32
4070, 1080.33
4071, 1080.33
4072, 1080.34
4073, 1080.35
4074, 1080.38
4075, 1080.39
4076, 1080.39
4077, 1080.39
4078, 1080.42
4079, 1080.42
4080, 1080.43
4081, 1080.44
4082, 1080.44
4083, 1080.44
4084, 1080.45
4085, 1080.46
4086, 1080.47
4087, 1080.47
4088, 1080.47
4089, 1080.48
4090, 1080.49
4091, 1080.5
4092, 1080.54
4093, 1080.55
4094, 1080.55
4095, 1080.55
4096, 1080.56
4097, 1080.56
4098, 1080.58
4099, 1080.59
4100, 1080.59
4101, 1080.6
4102, 1080.6
4103, 1080.61
4104, 1080.61
4105, 1080.61
4106, 1080.62
4107, 1080.63
4108, 1080.64
4109, 1080.64
4110, 1080.65
4111, 1080.7
4112, 1080.71
4113, 1080.75
4114, 1080.75
4115, 1080.76
4116, 1080.76
4117, 1080.79
4118, 1080.79
4119, 1080.79
4120, 1080.79
4121, 1080.79
4122, 1080.82
4123, 1080.82
4124, 1080.84
4125, 1080.84
4126, 1080.87
4127, 1080.88
4128, 1080.88
4129, 1080.88
4130, 1080.88
4131, 1080.9
4132, 1080.91
4133, 1080.94
4134, 1080.97
4135, 1080.98
4136, 1080.98
4137, 1080.99
4138, 1080.99
4139, 1080.99
4140, 1081.01
4141, 1081.01
4142, 1081.02
4143, 1081.02
4144, 1081.06
4145, 1081.08
4146, 1081.09
4147, 1081.14
4148, 1081.16
4149, 1081.18
4150, 1081.18
4151, 1081.19
4152, 1081.22
4153, 1081.24
4154, 1081.26
4155, 1081.3
4156, 1081.33
4157, 1081.34
4158, 1081.34
4159, 1081.37
4160, 1081.37
4161, 1081.37
4162, 1081.38
4163, 1081.41
4164, 1081.41
4165, 1081.41
4166, 1081.43
4167, 1081.44
4168, 1081.46
4169, 1081.47
4170, 1081.47
4171, 1081.48
4172, 1081.49
4173, 1081.5
4174, 1081.5
4175, 1081.5
4176, 1081.52
4177, 1081.53
4178, 1081.55
4179, 1081.58
4180, 1081.59
4181, 1081.62
4182, 1081.64
4183, 1081.64
4184, 1081.65
4185, 1081.66
4186, 1081.66
4187, 1081.66
4188, 1081.67
4189, 1081.67
4190, 1081.68
4191, 1081.71
4192, 1081.74
4193, 1081.74
4194, 1081.75
4195, 1081.78
4196, 1081.79
4197, 1081.8
4198, 1081.84
4199, 1081.85
4200, 1081.89
4201, 1081.9
4202, 1081.92
4203, 1081.92
4204, 1081.95
4205, 1081.95
4206, 1081.95
4207, 1081.96
4208, 1081.96
4209, 1081.97
4210, 1081.98
4211, 1082.02
4212, 1082.02
4213, 1082.02
4214, 1082.04
4215, 1082.04
4216, 1082.05
4217, 1082.06
4218, 1082.09
4219, 1082.09
4220, 1082.1
4221, 1082.1
4222, 1082.11
4223, 1082.17
4224, 1082.19
4225, 1082.2
4226, 1082.21
4227, 1082.22
4228, 1082.23
4229, 1082.23
4230, 1082.23
4231, 1082.29
4232, 1082.3
4233, 1082.3
4234, 1082.32
4235, 1082.36
4236, 1082.37
4237, 1082.38
4238, 1082.38
4239, 1082.41
4240, 1082.41
4241, 1082.41
4242, 1082.43
4243, 1082.44
4244, 1082.45
4245, 1082.45
4246, 1082.45
4247, 1082.47
4248, 1082.47
4249, 1082.49
4250, 1082.5
4251, 1082.51
4252, 1082.51
4253, 1082.52
4254, 1082.52
4255, 1082.52
4256, 1082.55
4257, 1082.59
4258, 1082.61
4259, 1082.62
4260, 1082.63
4261, 1082.65
4262, 1082.65
4263, 1082.66
4264, 1082.67
4265, 1082.68
4266, 1082.68
4267, 1082.72
4268, 1082.72
4269, 1082.74
4270, 1082.75
4271, 1082.75
4272, 1082.77
4273, 1082.83
4274, 1082.87
4275, 1082.89
4276, 1082.91
4277, 1082.92
4278, 1082.92
4279, 1082.92
4280, 1082.93
4281, 1082.94
4282, 1082.95
4283, 1082.98
4284, 1082.99
4285, 1082.99
4286, 1083
4287, 1083.02
4288, 1083.02
4289, 1083.04
4290, 1083.05
4291, 1083.06
4292, 1083.07
4293, 1083.07
4294, 1083.08
4295, 1083.09
4296, 1083.13
4297, 1083.15
4298, 1083.18
4299, 1083.19
4300, 1083.21
4301, 1083.21
4302, 1083.24
4303, 1083.24
4304, 1083.26
4305, 1083.26
4306, 1083.27
4307, 1083.34
4308, 1083.36
4309, 1083.37
4310, 1083.39
4311, 1083.44
4312, 1083.44
4313, 1083.45
4314, 1083.46
4315, 1083.47
4316, 1083.51
4317, 1083.53
4318, 1083.56
4319, 1083.56
4320, 1083.57
4321, 1083.57
4322, 1083.6
4323, 1083.61
4324, 1083.62
4325, 1083.64
4326, 1083.66
4327, 1083.66
4328, 1083.69
4329, 1083.71
4330, 1083.72
4331, 1083.76
4332, 1083.77
4333, 1083.87
4334, 1083.87
4335, 1083.88
4336, 1083.91
4337, 1083.91
4338, 1083.92
4339, 1083.93
4340, 1083.94
4341, 1083.94
4342, 1083.95
4343, 1083.96
4344, 1083.98
4345, 1084.07
4346, 1084.07
4347, 1084.09
4348, 1084.12
4349, 1084.15
4350, 1084.17
4351, 1084.19
4352, 1084.19
4353, 1084.19
4354, 1084.21
4355, 1084.24
4356, 1084.24
4357, 1084.25
4358, 1084.29
4359, 1084.3
4360, 1084.33
4361, 1084.35
4362, 1084.35
4363, 1084.39
4364, 1084.44
4365, 1084.45
4366, 1084.46
4367, 1084.48
4368, 1084.5
4369, 1084.51
4370, 1084.55
4371, 1084.56
4372, 1084.58
4373, 1084.59
4374, 1084.6
4375, 1084.62
4376, 1084.63
4377, 1084.63
4378, 1084.69
4379, 1084.69
4380, 1084.72
4381, 1084.82
4382, 1084.83
4383, 1084.84
4384, 1084.84
4385, 1084.85
4386, 1084.88
4387, 1084.89
4388, 1084.89
4389, 1084.9
4390, 1084.9
4391, 1084.92
4392, 1084.98
4393, 1085.07
4394, 1085.07
4395, 1085.07
4396, 1085.08
4397, 1085.09
4398, 1085.1
4399, 1085.1
4400, 1085.15
4401, 1085.18
4402, 1085.22
4403, 1085.3
4404, 1085.3
4405, 1085.33
4406, 1085.34
4407, 1085.34
4408, 1085.34
4409, 1085.36
4410, 1085.36
4411, 1085.41
4412, 1085.42
4413, 1085.42
4414, 1085.42
4415, 1085.43
4416, 1085.49
4417, 1085.52
4418, 1085.55
4419, 1085.57
4420, 1085.61
4421, 1085.64
4422, 1085.65
4423, 1085.86
4424, 1085.97
4425, 1085.99
4426, 1086.04
4427, 1086.06
4428, 1086.06
4429, 1086.06
4430, 1086.12
4431, 1086.17
4432, 1086.25
4433, 1086.3
4434, 1086.32
4435, 1086.33
4436, 1086.39
4437, 1086.39
4438, 1086.49
4439, 1086.52
4440, 1086.64
4441, 1086.67
4442, 1086.7
4443, 1086.7
4444, 1086.71
4445, 1086.74
4446, 1086.79
4447, 1086.8
4448, 1086.8
4449, 1086.82
4450, 1086.96
4451, 1087.11
4452, 1087.11
4453, 1087.15
4454, 1087.44
4455, 1087.44
4456, 1087.48
4457, 1087.54
4458, 1087.55
4459, 1087.57
4460, 1087.6
4461, 1087.64
4462, 1087.84
4463, 1087.99
4464, 1088.02
4465, 1088.03
4466, 1088.05
4467, 1088.06
4468, 1088.16
4469, 1088.2
4470, 1088.25
4471, 1088.33
4472, 1088.4
4473, 1088.59
4474, 1088.71
4475, 1088.74
4476, 1088.9
4477, 1089.01
4478, 1089.09
4479, 1089.19
4480, 1089.23
4481, 1089.4
4482, 1089.86
4483, 1089.99
4484, 1090.02
4485, 1090.45
4486, 1090.49
4487, 1090.51
4488, 1090.74
4489, 1091.04
4490, 1091.15
4491, 1091.27
4492, 1091.53
4493, 1091.54
4494, 1091.85
4495, 1092.03
4496, 1092.68
4497, 1093.41
---------------------------------------------------------------------------------------
 #bytes #iterations    t_min[usec]    t_max[usec]  t_typical[usec]    t_avg[usec]    t_stdev[usec]   99% percentile[usec]   99.9% percentile[usec] 
 2       4500          2.35           1097.55      1062.21  	       1040.03     	131.32 		1087.44 		1091.85
---------------------------------------------------------------------------------------
