Conflicting CPU frequency values detected: 799.363000 != 2100.000000. CPU Frequency is not max.
Conflicting CPU frequency values detected: 800.000000 != 2100.000000. CPU Frequency is not max.
Disabling dynamic polling
---------------------------------------------------------------------------------------
                    RDMA_Write Latency Test
 Dual-port       : OFF		Device         : mlx5_10
 Number of qps   : 1		Transport type : IB
 Connection type : RC		Using SRQ      : OFF
 PCIe relax order: OFF		Lock-free      : OFF
 ibv_wr* API     : ON		Using Enhanced Reorder      : OFF
 TX depth        : 1
 Mtu             : 1024[B]
 Link type       : Ethernet
 GID index       : 3
 Max inline data : 220[B]
 rdma_cm QPs	 : OFF
 Data ex. method : Ethernet
---------------------------------------------------------------------------------------
 local address: LID 0000 QPN 0x01c8 PSN 0x9da0ca RKey 0x04cf00 VAddr 0x0055ecebe3f000
 GID: 00:00:00:00:00:00:00:00:00:00:255:255:10:01:04:01
 remote address: LID 0000 QPN 0x01d0 PSN 0x753dda RKey 0x04cf00 VAddr 0x00563dd2c2f000
 GID: 00:00:00:00:00:00:00:00:00:00:255:255:10:01:04:02
---------------------------------------------------------------------------------------
 #bytes #iterations    t_min[usec]    t_max[usec]  t_typical[usec]    t_avg[usec]    t_stdev[usec]   99% percentile[usec]   99.9% percentile[usec] 
#, usec
1, 2.45535
2, 2.46631
3, 2.46678
4, 2.47773
5, 2.48297
6, 2.48392
7, 2.4844
8, 2.48678
9, 2.48678
10, 2.49154
11, 2.49154
12, 2.49202
13, 2.49345
14, 2.49345
15, 2.49535
16, 2.49583
17, 2.49916
18, 2.50202
19, 2.5044
20, 2.50678
21, 2.51631
22, 2.5244
23, 2.52583
24, 2.52917
25, 2.52917
26, 2.53631
27, 2.53821
28, 2.54536
29, 2.5644
30, 2.56917
31, 2.57155
32, 2.57345
33, 2.57583
34, 2.58202
35, 2.5825
36, 2.58441
37, 2.58822
38, 2.59964
39, 2.60536
40, 2.60536
41, 2.60631
42, 2.60774
43, 2.60917
44, 2.61155
45, 2.61298
46, 2.61345
47, 2.61679
48, 2.61869
49, 2.62155
50, 2.62631
51, 2.62631
52, 2.62679
53, 2.62726
54, 2.62726
55, 2.63298
56, 2.63441
57, 2.63536
58, 2.63584
59, 2.63631
60, 2.63965
61, 2.63965
62, 2.64536
63, 2.64822
64, 2.64822
65, 2.65727
66, 2.6606
67, 2.67251
68, 2.67441
69, 2.67441
70, 2.6806
71, 2.6806
72, 2.68203
73, 2.68346
74, 2.6887
75, 2.69108
76, 2.69203
77, 2.70155
78, 2.70489
79, 2.70584
80, 2.71917
81, 2.72536
82, 2.72822
83, 2.73537
84, 2.74584
85, 2.7706
86, 2.77346
87, 2.80251
88, 2.80299
89, 2.80965
90, 2.86632
91, 2.93347
92, 2.95109
93, 2.96109
94, 2.99347
95, 2.99585
96, 2.99728
97, 2.99823
98, 3.02919
99, 3.03776
100, 3.03824
101, 3.05919
102, 3.07252
103, 3.07538
104, 3.09348
105, 3.11014
106, 3.11919
107, 3.14253
108, 3.16586
109, 3.18348
110, 3.1892
111, 3.19062
112, 3.2211
113, 3.24729
114, 3.27587
115, 3.32111
116, 3.34444
117, 3.39968
118, 3.44111
119, 3.46254
120, 3.47969
121, 3.48302
122, 3.48492
123, 3.51683
124, 3.53874
125, 3.54636
126, 3.55683
127, 3.56921
128, 3.5735
129, 3.57921
130, 3.62017
131, 3.62112
132, 3.6416
133, 3.6535
134, 3.65398
135, 3.65827
136, 3.72636
137, 3.72779
138, 3.84446
139, 3.87732
140, 3.88828
141, 3.90637
142, 3.93447
143, 3.95161
144, 3.9759
145, 3.97638
146, 3.98304
147, 4.03971
148, 4.04209
149, 4.06686
150, 4.13114
151, 4.16686
152, 4.20162
153, 4.21496
154, 4.2302
155, 4.29496
156, 4.31687
157, 4.40687
158, 4.50783
159, 4.66545
160, 4.9088
161, 11.4748
162, 456.351
163, 829.24
164, 879.271
165, 895.484
166, 907.371
167, 921.964
168, 926.371
169, 926.959
170, 929.478
171, 929.666
172, 931.144
173, 932.915
174, 933.162
175, 933.19
176, 933.37
177, 935.298
178, 936.024
179, 936.331
180, 937.809
181, 938.025
182, 938.803
183, 939.135
184, 939.592
185, 940.063
186, 941.668
187, 942.215
188, 942.37
189, 942.398
190, 942.722
191, 942.745
192, 944.025
193, 944.22
194, 945
195, 946.298
196, 946.315
197, 946.387
198, 947.688
199, 948.285
200, 951.311
201, 951.546
202, 951.657
203, 951.789
204, 951.972
205, 953.876
206, 955.423
207, 955.561
208, 955.821
209, 956.212
210, 956.64
211, 958.056
212, 958.564
213, 958.755
214, 960.281
215, 960.372
216, 960.501
217, 960.871
218, 962.329
219, 962.715
220, 962.759
221, 962.971
222, 964.087
223, 964.148
224, 964.378
225, 964.592
226, 964.656
227, 965.408
228, 965.853
229, 966.319
230, 966.395
231, 967.029
232, 968.086
233, 968.319
234, 968.458
235, 968.727
236, 969.25
237, 969.461
238, 969.592
239, 969.672
240, 971.525
241, 971.533
242, 971.926
243, 972.322
244, 972.556
245, 973.987
246, 974.177
247, 974.222
248, 974.798
249, 974.936
250, 974.996
251, 976.138
252, 977.75
253, 977.78
254, 978.459
255, 978.942
256, 979.176
257, 979.52
258, 979.957
259, 980.226
260, 980.369
261, 980.37
262, 980.533
263, 980.919
264, 981.32
265, 981.405
266, 981.688
267, 981.823
268, 982.334
269, 982.68
270, 982.825
271, 982.903
272, 982.96
273, 983.626
274, 983.637
275, 983.716
276, 983.955
277, 984.047
278, 984.114
279, 984.197
280, 984.256
281, 984.411
282, 984.57
283, 985.728
284, 985.852
285, 986.269
286, 986.636
287, 986.879
288, 987.265
289, 987.327
290, 987.576
291, 987.71
292, 987.876
293, 987.912
294, 988.025
295, 988.262
296, 988.369
297, 988.384
298, 988.43
299, 988.564
300, 988.61
301, 988.612
302, 988.721
303, 988.795
304, 988.797
305, 988.931
306, 988.979
307, 989
308, 989.067
309, 989.146
310, 989.747
311, 990.098
312, 990.101
313, 990.111
314, 990.455
315, 990.562
316, 990.613
317, 990.659
318, 990.726
319, 990.845
320, 990.901
321, 991.099
322, 991.305
323, 991.668
324, 991.764
325, 991.898
326, 992.228
327, 992.317
328, 992.4
329, 992.667
330, 992.683
331, 992.846
332, 992.909
333, 992.939
334, 992.998
335, 993.006
336, 993.091
337, 993.118
338, 993.379
339, 993.806
340, 993.881
341, 993.886
342, 993.99
343, 994.248
344, 994.263
345, 994.275
346, 994.529
347, 994.571
348, 994.58
349, 994.599
350, 994.722
351, 995.087
352, 995.128
353, 995.346
354, 995.391
355, 995.593
356, 995.67
357, 995.821
358, 996.013
359, 996.141
360, 996.184
361, 996.193
362, 996.385
363, 996.539
364, 996.556
365, 996.668
366, 996.716
367, 996.779
368, 996.829
369, 997.076
370, 997.208
371, 997.222
372, 997.374
373, 997.423
374, 997.644
375, 998.004
376, 998.236
377, 998.244
378, 998.269
379, 998.346
380, 998.424
381, 998.504
382, 998.58
383, 998.593
384, 998.636
385, 998.779
386, 998.928
387, 999.047
388, 999.058
389, 999.239
390, 999.266
391, 999.331
392, 999.395
393, 999.41
394, 999.423
395, 999.479
396, 999.492
397, 999.577
398, 999.967
399, 1000.13
400, 1000.21
401, 1000.27
402, 1000.31
403, 1000.33
404, 1000.33
405, 1000.35
406, 1000.43
407, 1000.56
408, 1000.58
409, 1000.58
410, 1000.65
411, 1000.84
412, 1000.99
413, 1001.21
414, 1001.53
415, 1001.65
416, 1001.7
417, 1001.72
418, 1001.76
419, 1001.78
420, 1001.96
421, 1002.02
422, 1002.19
423, 1002.28
424, 1002.29
425, 1002.33
426, 1002.63
427, 1002.66
428, 1002.79
429, 1002.79
430, 1002.89
431, 1002.96
432, 1003.06
433, 1003.18
434, 1003.2
435, 1003.24
436, 1003.25
437, 1003.35
438, 1003.35
439, 1003.59
440, 1003.85
441, 1003.88
442, 1003.96
443, 1003.97
444, 1004.08
445, 1004.19
446, 1004.35
447, 1004.37
448, 1004.64
449, 1004.65
450, 1004.75
451, 1004.75
452, 1004.9
453, 1004.98
454, 1005.04
455, 1005.12
456, 1005.18
457, 1005.21
458, 1005.23
459, 1005.28
460, 1005.33
461, 1005.36
462, 1005.39
463, 1005.49
464, 1005.64
465, 1005.73
466, 1005.86
467, 1005.97
468, 1006.46
469, 1006.57
470, 1006.67
471, 1006.88
472, 1007.01
473, 1007.13
474, 1007.2
475, 1007.21
476, 1007.22
477, 1007.48
478, 1007.55
479, 1007.62
480, 1007.7
481, 1007.78
482, 1007.83
483, 1007.89
484, 1008.14
485, 1008.29
486, 1008.48
487, 1008.49
488, 1008.69
489, 1008.75
490, 1008.82
491, 1008.88
492, 1009.03
493, 1009.36
494, 1009.36
495, 1009.44
496, 1009.69
497, 1009.75
498, 1009.76
499, 1009.78
500, 1009.8
501, 1010.02
502, 1010.03
503, 1010.06
504, 1010.16
505, 1010.44
506, 1010.5
507, 1010.52
508, 1010.69
509, 1010.7
510, 1010.87
511, 1010.88
512, 1010.93
513, 1011.02
514, 1011.16
515, 1011.23
516, 1011.33
517, 1011.6
518, 1011.63
519, 1011.77
520, 1011.8
521, 1011.97
522, 1011.98
523, 1012.31
524, 1012.41
525, 1012.68
526, 1012.72
527, 1012.73
528, 1012.78
529, 1012.81
530, 1012.85
531, 1012.86
532, 1012.86
533, 1012.96
534, 1013
535, 1013.04
536, 1013.18
537, 1013.18
538, 1013.31
539, 1013.32
540, 1013.33
541, 1013.38
542, 1013.41
543, 1013.48
544, 1013.5
545, 1013.56
546, 1013.58
547, 1013.61
548, 1013.63
549, 1013.71
550, 1013.84
551, 1013.89
552, 1013.92
553, 1014.03
554, 1014.03
555, 1014.17
556, 1014.35
557, 1014.43
558, 1014.49
559, 1014.55
560, 1014.59
561, 1014.65
562, 1014.7
563, 1014.74
564, 1014.93
565, 1015.13
566, 1015.16
567, 1015.27
568, 1015.28
569, 1015.3
570, 1015.38
571, 1015.39
572, 1015.46
573, 1015.5
574, 1015.5
575, 1015.63
576, 1015.69
577, 1015.79
578, 1015.86
579, 1015.87
580, 1015.89
581, 1015.94
582, 1016.02
583, 1016.16
584, 1016.17
585, 1016.18
586, 1016.19
587, 1016.32
588, 1016.35
589, 1016.37
590, 1016.4
591, 1016.45
592, 1016.53
593, 1016.55
594, 1016.86
595, 1016.89
596, 1016.89
597, 1016.91
598, 1016.96
599, 1017
600, 1017.04
601, 1017.11
602, 1017.12
603, 1017.27
604, 1017.31
605, 1017.33
606, 1017.4
607, 1017.46
608, 1017.47
609, 1017.54
610, 1017.58
611, 1017.6
612, 1017.74
613, 1017.76
614, 1017.77
615, 1017.78
616, 1017.82
617, 1017.83
618, 1017.87
619, 1018.08
620, 1018.27
621, 1018.33
622, 1018.41
623, 1018.45
624, 1018.5
625, 1018.54
626, 1018.68
627, 1018.72
628, 1018.72
629, 1018.94
630, 1018.98
631, 1019.03
632, 1019.06
633, 1019.19
634, 1019.22
635, 1019.32
636, 1019.35
637, 1019.35
638, 1019.39
639, 1019.4
640, 1019.4
641, 1019.55
642, 1019.6
643, 1019.66
644, 1019.7
645, 1019.81
646, 1019.98
647, 1019.99
648, 1020.03
649, 1020.08
650, 1020.12
651, 1020.13
652, 1020.27
653, 1020.43
654, 1020.5
655, 1020.5
656, 1020.56
657, 1020.78
658, 1020.8
659, 1020.88
660, 1020.88
661, 1020.94
662, 1020.98
663, 1021.01
664, 1021.05
665, 1021.07
666, 1021.08
667, 1021.15
668, 1021.29
669, 1021.29
670, 1021.32
671, 1021.35
672, 1021.38
673, 1021.4
674, 1021.4
675, 1021.45
676, 1021.48
677, 1021.5
678, 1021.7
679, 1021.73
680, 1021.81
681, 1021.88
682, 1021.89
683, 1021.91
684, 1021.92
685, 1021.98
686, 1022.04
687, 1022.12
688, 1022.14
689, 1022.19
690, 1022.24
691, 1022.25
692, 1022.43
693, 1022.49
694, 1022.54
695, 1022.64
696, 1022.67
697, 1022.74
698, 1022.79
699, 1022.82
700, 1022.83
701, 1022.86
702, 1022.87
703, 1023.03
704, 1023.08
705, 1023.17
706, 1023.32
707, 1023.57
708, 1023.64
709, 1023.65
710, 1023.69
711, 1023.76
712, 1023.77
713, 1024.02
714, 1024.05
715, 1024.06
716, 1024.08
717, 1024.2
718, 1024.22
719, 1024.28
720, 1024.39
721, 1024.48
722, 1024.5
723, 1024.52
724, 1024.61
725, 1024.71
726, 1024.71
727, 1024.76
728, 1024.79
729, 1024.82
730, 1024.84
731, 1024.86
732, 1024.96
733, 1025
734, 1025.02
735, 1025.11
736, 1025.13
737, 1025.14
738, 1025.16
739, 1025.18
740, 1025.19
741, 1025.22
742, 1025.31
743, 1025.34
744, 1025.36
745, 1025.42
746, 1025.46
747, 1025.46
748, 1025.48
749, 1025.6
750, 1025.62
751, 1025.62
752, 1025.7
753, 1025.71
754, 1025.72
755, 1025.74
756, 1025.79
757, 1025.81
758, 1025.82
759, 1025.85
760, 1025.96
761, 1026.04
762, 1026.08
763, 1026.16
764, 1026.17
765, 1026.22
766, 1026.33
767, 1026.33
768, 1026.34
769, 1026.4
770, 1026.42
771, 1026.43
772, 1026.59
773, 1026.64
774, 1026.68
775, 1026.69
776, 1026.7
777, 1026.72
778, 1026.76
779, 1026.79
780, 1026.84
781, 1026.91
782, 1026.91
783, 1026.94
784, 1027.06
785, 1027.15
786, 1027.29
787, 1027.33
788, 1027.44
789, 1027.47
790, 1027.59
791, 1027.59
792, 1027.64
793, 1027.65
794, 1027.68
795, 1027.74
796, 1027.76
797, 1027.82
798, 1027.82
799, 1027.93
800, 1027.95
801, 1027.96
802, 1027.97
803, 1028.01
804, 1028.05
805, 1028.11
806, 1028.19
807, 1028.2
808, 1028.21
809, 1028.21
810, 1028.34
811, 1028.37
812, 1028.37
813, 1028.48
814, 1028.52
815, 1028.61
816, 1028.64
817, 1028.7
818, 1028.8
819, 1028.85
820, 1028.86
821, 1028.94
822, 1028.97
823, 1029.02
824, 1029.03
825, 1029.08
826, 1029.11
827, 1029.17
828, 1029.3
829, 1029.38
830, 1029.44
831, 1029.44
832, 1029.49
833, 1029.51
834, 1029.53
835, 1029.56
836, 1029.63
837, 1029.65
838, 1029.71
839, 1029.75
840, 1029.8
841, 1029.89
842, 1029.92
843, 1029.93
844, 1030
845, 1030
846, 1030.01
847, 1030.03
848, 1030.04
849, 1030.32
850, 1030.32
851, 1030.33
852, 1030.33
853, 1030.35
854, 1030.36
855, 1030.38
856, 1030.4
857, 1030.41
858, 1030.49
859, 1030.58
860, 1030.6
861, 1030.63
862, 1030.67
863, 1030.68
864, 1030.68
865, 1030.68
866, 1030.69
867, 1030.7
868, 1030.72
869, 1030.76
870, 1030.82
871, 1030.84
872, 1030.89
873, 1030.91
874, 1031.06
875, 1031.11
876, 1031.18
877, 1031.19
878, 1031.2
879, 1031.21
880, 1031.22
881, 1031.33
882, 1031.36
883, 1031.36
884, 1031.41
885, 1031.46
886, 1031.49
887, 1031.5
888, 1031.51
889, 1031.52
890, 1031.55
891, 1031.56
892, 1031.57
893, 1031.63
894, 1031.69
895, 1031.72
896, 1031.74
897, 1031.78
898, 1031.79
899, 1031.88
900, 1031.95
901, 1032.04
902, 1032.09
903, 1032.1
904, 1032.14
905, 1032.16
906, 1032.17
907, 1032.17
908, 1032.17
909, 1032.21
910, 1032.23
911, 1032.24
912, 1032.26
913, 1032.26
914, 1032.28
915, 1032.28
916, 1032.33
917, 1032.43
918, 1032.47
919, 1032.56
920, 1032.58
921, 1032.61
922, 1032.62
923, 1032.63
924, 1032.66
925, 1032.68
926, 1032.69
927, 1032.69
928, 1032.8
929, 1032.83
930, 1032.85
931, 1032.88
932, 1032.93
933, 1032.94
934, 1032.97
935, 1033
936, 1033
937, 1033
938, 1033.02
939, 1033.03
940, 1033.06
941, 1033.12
942, 1033.14
943, 1033.16
944, 1033.19
945, 1033.22
946, 1033.23
947, 1033.36
948, 1033.36
949, 1033.37
950, 1033.37
951, 1033.38
952, 1033.41
953, 1033.46
954, 1033.46
955, 1033.47
956, 1033.48
957, 1033.52
958, 1033.53
959, 1033.54
960, 1033.58
961, 1033.58
962, 1033.58
963, 1033.6
964, 1033.63
965, 1033.67
966, 1033.69
967, 1033.69
968, 1033.7
969, 1033.72
970, 1033.72
971, 1033.76
972, 1033.77
973, 1033.8
974, 1033.81
975, 1033.84
976, 1033.85
977, 1033.85
978, 1033.9
979, 1033.91
980, 1033.94
981, 1034.08
982, 1034.12
983, 1034.16
984, 1034.17
985, 1034.2
986, 1034.2
987, 1034.25
988, 1034.38
989, 1034.39
990, 1034.41
991, 1034.45
992, 1034.45
993, 1034.46
994, 1034.46
995, 1034.52
996, 1034.52
997, 1034.55
998, 1034.6
999, 1034.62
1000, 1034.64
1001, 1034.66
1002, 1034.67
1003, 1034.69
1004, 1034.73
1005, 1034.84
1006, 1034.89
1007, 1034.91
1008, 1034.91
1009, 1034.93
1010, 1034.95
1011, 1035.01
1012, 1035.03
1013, 1035.13
1014, 1035.14
1015, 1035.17
1016, 1035.18
1017, 1035.18
1018, 1035.25
1019, 1035.27
1020, 1035.32
1021, 1035.32
1022, 1035.34
1023, 1035.35
1024, 1035.39
1025, 1035.45
1026, 1035.48
1027, 1035.57
1028, 1035.62
1029, 1035.62
1030, 1035.63
1031, 1035.63
1032, 1035.63
1033, 1035.64
1034, 1035.71
1035, 1035.73
1036, 1035.77
1037, 1035.8
1038, 1035.81
1039, 1035.81
1040, 1035.86
1041, 1035.89
1042, 1035.94
1043, 1035.94
1044, 1035.95
1045, 1036.04
1046, 1036.16
1047, 1036.19
1048, 1036.25
1049, 1036.26
1050, 1036.27
1051, 1036.29
1052, 1036.32
1053, 1036.33
1054, 1036.34
1055, 1036.47
1056, 1036.47
1057, 1036.48
1058, 1036.51
1059, 1036.55
1060, 1036.6
1061, 1036.62
1062, 1036.69
1063, 1036.81
1064, 1036.84
1065, 1036.84
1066, 1036.85
1067, 1036.91
1068, 1036.94
1069, 1037
1070, 1037.03
1071, 1037.08
1072, 1037.09
1073, 1037.09
1074, 1037.1
1075, 1037.12
1076, 1037.12
1077, 1037.17
1078, 1037.22
1079, 1037.22
1080, 1037.24
1081, 1037.24
1082, 1037.25
1083, 1037.29
1084, 1037.31
1085, 1037.31
1086, 1037.36
1087, 1037.36
1088, 1037.42
1089, 1037.45
1090, 1037.46
1091, 1037.51
1092, 1037.52
1093, 1037.53
1094, 1037.61
1095, 1037.63
1096, 1037.66
1097, 1037.74
1098, 1037.75
1099, 1037.77
1100, 1037.77
1101, 1037.79
1102, 1037.8
1103, 1037.83
1104, 1037.85
1105, 1037.85
1106, 1037.86
1107, 1037.87
1108, 1037.89
1109, 1037.91
1110, 1037.92
1111, 1038.1
1112, 1038.11
1113, 1038.14
1114, 1038.16
1115, 1038.2
1116, 1038.2
1117, 1038.25
1118, 1038.25
1119, 1038.27
1120, 1038.28
1121, 1038.3
1122, 1038.31
1123, 1038.44
1124, 1038.52
1125, 1038.6
1126, 1038.66
1127, 1038.69
1128, 1038.73
1129, 1038.73
1130, 1038.73
1131, 1038.78
1132, 1038.8
1133, 1038.82
1134, 1038.87
1135, 1038.9
1136, 1038.9
1137, 1038.95
1138, 1038.95
1139, 1038.97
1140, 1039.02
1141, 1039.03
1142, 1039.13
1143, 1039.13
1144, 1039.13
1145, 1039.16
1146, 1039.18
1147, 1039.18
1148, 1039.2
1149, 1039.31
1150, 1039.34
1151, 1039.37
1152, 1039.39
1153, 1039.42
1154, 1039.42
1155, 1039.44
1156, 1039.44
1157, 1039.45
1158, 1039.51
1159, 1039.55
1160, 1039.56
1161, 1039.64
1162, 1039.68
1163, 1039.68
1164, 1039.69
1165, 1039.7
1166, 1039.72
1167, 1039.73
1168, 1039.73
1169, 1039.75
1170, 1039.77
1171, 1039.82
1172, 1039.87
1173, 1039.89
1174, 1039.9
1175, 1039.92
1176, 1039.92
1177, 1039.94
1178, 1040.01
1179, 1040.02
1180, 1040.05
1181, 1040.08
1182, 1040.12
1183, 1040.26
1184, 1040.28
1185, 1040.3
1186, 1040.3
1187, 1040.31
1188, 1040.34
1189, 1040.48
1190, 1040.59
1191, 1040.61
1192, 1040.63
1193, 1040.66
1194, 1040.7
1195, 1040.71
1196, 1040.78
1197, 1040.78
1198, 1040.83
1199, 1040.86
1200, 1040.89
1201, 1040.94
1202, 1040.95
1203, 1040.96
1204, 1040.96
1205, 1040.99
1206, 1041.03
1207, 1041.03
1208, 1041.05
1209, 1041.06
1210, 1041.1
1211, 1041.15
1212, 1041.16
1213, 1041.21
1214, 1041.22
1215, 1041.24
1216, 1041.25
1217, 1041.27
1218, 1041.31
1219, 1041.34
1220, 1041.37
1221, 1041.38
1222, 1041.38
1223, 1041.4
1224, 1041.43
1225, 1041.47
1226, 1041.49
1227, 1041.6
1228, 1041.64
1229, 1041.65
1230, 1041.67
1231, 1041.67
1232, 1041.68
1233, 1041.68
1234, 1041.72
1235, 1041.75
1236, 1041.79
1237, 1041.86
1238, 1041.86
1239, 1041.87
1240, 1041.89
1241, 1041.94
1242, 1041.96
1243, 1041.98
1244, 1042.02
1245, 1042.03
1246, 1042.03
1247, 1042.06
1248, 1042.12
1249, 1042.14
1250, 1042.15
1251, 1042.16
1252, 1042.18
1253, 1042.21
1254, 1042.22
1255, 1042.23
1256, 1042.29
1257, 1042.31
1258, 1042.31
1259, 1042.33
1260, 1042.36
1261, 1042.38
1262, 1042.38
1263, 1042.39
1264, 1042.42
1265, 1042.44
1266, 1042.47
1267, 1042.48
1268, 1042.48
1269, 1042.49
1270, 1042.5
1271, 1042.5
1272, 1042.5
1273, 1042.58
1274, 1042.63
1275, 1042.63
1276, 1042.68
1277, 1042.7
1278, 1042.7
1279, 1042.76
1280, 1042.78
1281, 1042.88
1282, 1042.9
1283, 1042.9
1284, 1042.91
1285, 1042.92
1286, 1042.94
1287, 1042.97
1288, 1042.99
1289, 1043.02
1290, 1043.03
1291, 1043.06
1292, 1043.1
1293, 1043.11
1294, 1043.13
1295, 1043.16
1296, 1043.25
1297, 1043.26
1298, 1043.27
1299, 1043.3
1300, 1043.3
1301, 1043.34
1302, 1043.35
1303, 1043.39
1304, 1043.4
1305, 1043.45
1306, 1043.5
1307, 1043.54
1308, 1043.59
1309, 1043.59
1310, 1043.65
1311, 1043.72
1312, 1043.82
1313, 1043.87
1314, 1043.88
1315, 1043.91
1316, 1043.92
1317, 1044.02
1318, 1044.04
1319, 1044.07
1320, 1044.08
1321, 1044.08
1322, 1044.09
1323, 1044.1
1324, 1044.1
1325, 1044.1
1326, 1044.12
1327, 1044.14
1328, 1044.15
1329, 1044.16
1330, 1044.27
1331, 1044.29
1332, 1044.35
1333, 1044.36
1334, 1044.36
1335, 1044.39
1336, 1044.48
1337, 1044.57
1338, 1044.58
1339, 1044.59
1340, 1044.59
1341, 1044.62
1342, 1044.62
1343, 1044.63
1344, 1044.7
1345, 1044.71
1346, 1044.72
1347, 1044.74
1348, 1044.78
1349, 1044.8
1350, 1044.8
1351, 1044.82
1352, 1044.83
1353, 1044.85
1354, 1044.89
1355, 1044.98
1356, 1045
1357, 1045.02
1358, 1045.04
1359, 1045.06
1360, 1045.11
1361, 1045.13
1362, 1045.14
1363, 1045.18
1364, 1045.19
1365, 1045.23
1366, 1045.26
1367, 1045.28
1368, 1045.29
1369, 1045.33
1370, 1045.35
1371, 1045.38
1372, 1045.48
1373, 1045.49
1374, 1045.51
1375, 1045.53
1376, 1045.59
1377, 1045.61
1378, 1045.62
1379, 1045.63
1380, 1045.67
1381, 1045.7
1382, 1045.7
1383, 1045.71
1384, 1045.72
1385, 1045.77
1386, 1045.77
1387, 1045.77
1388, 1045.79
1389, 1045.79
1390, 1045.8
1391, 1045.81
1392, 1045.83
1393, 1045.84
1394, 1045.85
1395, 1045.86
1396, 1045.88
1397, 1045.89
1398, 1045.91
1399, 1045.92
1400, 1045.96
1401, 1046.04
1402, 1046.09
1403, 1046.09
1404, 1046.1
1405, 1046.19
1406, 1046.19
1407, 1046.25
1408, 1046.27
1409, 1046.28
1410, 1046.29
1411, 1046.3
1412, 1046.33
1413, 1046.39
1414, 1046.4
1415, 1046.41
1416, 1046.41
1417, 1046.42
1418, 1046.46
1419, 1046.47
1420, 1046.49
1421, 1046.52
1422, 1046.54
1423, 1046.68
1424, 1046.8
1425, 1046.8
1426, 1046.8
1427, 1046.81
1428, 1046.85
1429, 1046.86
1430, 1046.86
1431, 1046.87
1432, 1046.9
1433, 1046.93
1434, 1046.96
1435, 1046.97
1436, 1046.98
1437, 1046.98
1438, 1047.04
1439, 1047.07
1440, 1047.07
1441, 1047.09
1442, 1047.15
1443, 1047.15
1444, 1047.17
1445, 1047.18
1446, 1047.21
1447, 1047.26
1448, 1047.29
1449, 1047.31
1450, 1047.33
1451, 1047.33
1452, 1047.36
1453, 1047.37
1454, 1047.39
1455, 1047.39
1456, 1047.4
1457, 1047.43
1458, 1047.43
1459, 1047.48
1460, 1047.5
1461, 1047.51
1462, 1047.56
1463, 1047.56
1464, 1047.61
1465, 1047.61
1466, 1047.62
1467, 1047.63
1468, 1047.65
1469, 1047.65
1470, 1047.65
1471, 1047.66
1472, 1047.66
1473, 1047.66
1474, 1047.67
1475, 1047.73
1476, 1047.76
1477, 1047.78
1478, 1047.78
1479, 1047.8
1480, 1047.8
1481, 1047.82
1482, 1047.82
1483, 1047.83
1484, 1047.83
1485, 1047.85
1486, 1047.86
1487, 1047.88
1488, 1047.9
1489, 1047.9
1490, 1047.91
1491, 1047.91
1492, 1047.97
1493, 1047.98
1494, 1048.05
1495, 1048.05
1496, 1048.06
1497, 1048.1
1498, 1048.13
1499, 1048.19
1500, 1048.21
1501, 1048.22
1502, 1048.23
1503, 1048.24
1504, 1048.25
1505, 1048.26
1506, 1048.29
1507, 1048.3
1508, 1048.43
1509, 1048.43
1510, 1048.44
1511, 1048.47
1512, 1048.5
1513, 1048.53
1514, 1048.54
1515, 1048.56
1516, 1048.61
1517, 1048.64
1518, 1048.68
1519, 1048.72
1520, 1048.74
1521, 1048.75
1522, 1048.75
1523, 1048.79
1524, 1048.83
1525, 1048.84
1526, 1048.84
1527, 1048.89
1528, 1048.94
1529, 1048.95
1530, 1048.96
1531, 1048.98
1532, 1048.99
1533, 1049.02
1534, 1049.04
1535, 1049.05
1536, 1049.06
1537, 1049.08
1538, 1049.12
1539, 1049.15
1540, 1049.15
1541, 1049.18
1542, 1049.18
1543, 1049.25
1544, 1049.28
1545, 1049.29
1546, 1049.3
1547, 1049.33
1548, 1049.33
1549, 1049.33
1550, 1049.35
1551, 1049.38
1552, 1049.4
1553, 1049.42
1554, 1049.43
1555, 1049.44
1556, 1049.45
1557, 1049.46
1558, 1049.47
1559, 1049.48
1560, 1049.48
1561, 1049.49
1562, 1049.51
1563, 1049.52
1564, 1049.53
1565, 1049.53
1566, 1049.53
1567, 1049.54
1568, 1049.55
1569, 1049.55
1570, 1049.59
1571, 1049.61
1572, 1049.61
1573, 1049.62
1574, 1049.62
1575, 1049.62
1576, 1049.64
1577, 1049.68
1578, 1049.7
1579, 1049.75
1580, 1049.76
1581, 1049.76
1582, 1049.81
1583, 1049.84
1584, 1049.86
1585, 1049.87
1586, 1049.88
1587, 1049.88
1588, 1049.88
1589, 1049.89
1590, 1049.89
1591, 1049.91
1592, 1049.92
1593, 1049.93
1594, 1049.96
1595, 1049.97
1596, 1049.97
1597, 1049.97
1598, 1049.98
1599, 1049.99
1600, 1050.05
1601, 1050.08
1602, 1050.09
1603, 1050.1
1604, 1050.14
1605, 1050.14
1606, 1050.15
1607, 1050.15
1608, 1050.15
1609, 1050.18
1610, 1050.2
1611, 1050.2
1612, 1050.25
1613, 1050.26
1614, 1050.31
1615, 1050.32
1616, 1050.36
1617, 1050.42
1618, 1050.43
1619, 1050.44
1620, 1050.45
1621, 1050.46
1622, 1050.46
1623, 1050.58
1624, 1050.61
1625, 1050.62
1626, 1050.64
1627, 1050.64
1628, 1050.69
1629, 1050.72
1630, 1050.72
1631, 1050.72
1632, 1050.73
1633, 1050.74
1634, 1050.74
1635, 1050.75
1636, 1050.77
1637, 1050.8
1638, 1050.81
1639, 1050.82
1640, 1050.84
1641, 1050.88
1642, 1050.93
1643, 1050.94
1644, 1050.95
1645, 1050.98
1646, 1050.99
1647, 1050.99
1648, 1051.05
1649, 1051.05
1650, 1051.06
1651, 1051.07
1652, 1051.11
1653, 1051.12
1654, 1051.12
1655, 1051.14
1656, 1051.19
1657, 1051.21
1658, 1051.22
1659, 1051.23
1660, 1051.25
1661, 1051.26
1662, 1051.26
1663, 1051.26
1664, 1051.3
1665, 1051.3
1666, 1051.31
1667, 1051.31
1668, 1051.33
1669, 1051.35
1670, 1051.4
1671, 1051.41
1672, 1051.47
1673, 1051.51
1674, 1051.51
1675, 1051.56
1676, 1051.58
1677, 1051.6
1678, 1051.62
1679, 1051.65
1680, 1051.66
1681, 1051.67
1682, 1051.75
1683, 1051.76
1684, 1051.8
1685, 1051.82
1686, 1051.85
1687, 1051.85
1688, 1051.86
1689, 1051.91
1690, 1051.91
1691, 1051.91
1692, 1051.96
1693, 1051.96
1694, 1052.02
1695, 1052.03
1696, 1052.04
1697, 1052.06
1698, 1052.06
1699, 1052.09
1700, 1052.12
1701, 1052.12
1702, 1052.15
1703, 1052.15
1704, 1052.15
1705, 1052.16
1706, 1052.17
1707, 1052.18
1708, 1052.18
1709, 1052.19
1710, 1052.2
1711, 1052.24
1712, 1052.26
1713, 1052.27
1714, 1052.29
1715, 1052.34
1716, 1052.35
1717, 1052.35
1718, 1052.37
1719, 1052.38
1720, 1052.38
1721, 1052.39
1722, 1052.42
1723, 1052.42
1724, 1052.44
1725, 1052.45
1726, 1052.46
1727, 1052.47
1728, 1052.49
1729, 1052.52
1730, 1052.54
1731, 1052.56
1732, 1052.58
1733, 1052.6
1734, 1052.61
1735, 1052.68
1736, 1052.69
1737, 1052.69
1738, 1052.7
1739, 1052.72
1740, 1052.74
1741, 1052.75
1742, 1052.77
1743, 1052.77
1744, 1052.78
1745, 1052.78
1746, 1052.82
1747, 1052.84
1748, 1052.86
1749, 1052.87
1750, 1052.89
1751, 1052.89
1752, 1052.9
1753, 1052.9
1754, 1052.91
1755, 1052.91
1756, 1052.91
1757, 1052.91
1758, 1052.94
1759, 1052.94
1760, 1052.96
1761, 1052.96
1762, 1052.97
1763, 1052.98
1764, 1053
1765, 1053
1766, 1053
1767, 1053.02
1768, 1053.04
1769, 1053.04
1770, 1053.04
1771, 1053.05
1772, 1053.05
1773, 1053.05
1774, 1053.06
1775, 1053.07
1776, 1053.08
1777, 1053.09
1778, 1053.09
1779, 1053.09
1780, 1053.12
1781, 1053.12
1782, 1053.12
1783, 1053.12
1784, 1053.15
1785, 1053.15
1786, 1053.18
1787, 1053.19
1788, 1053.19
1789, 1053.2
1790, 1053.22
1791, 1053.22
1792, 1053.24
1793, 1053.26
1794, 1053.26
1795, 1053.28
1796, 1053.28
1797, 1053.29
1798, 1053.3
1799, 1053.31
1800, 1053.34
1801, 1053.36
1802, 1053.4
1803, 1053.41
1804, 1053.43
1805, 1053.44
1806, 1053.48
1807, 1053.48
1808, 1053.5
1809, 1053.54
1810, 1053.54
1811, 1053.55
1812, 1053.55
1813, 1053.57
1814, 1053.61
1815, 1053.62
1816, 1053.64
1817, 1053.65
1818, 1053.68
1819, 1053.68
1820, 1053.68
1821, 1053.69
1822, 1053.73
1823, 1053.73
1824, 1053.75
1825, 1053.79
1826, 1053.79
1827, 1053.8
1828, 1053.89
1829, 1053.89
1830, 1053.9
1831, 1053.93
1832, 1053.93
1833, 1053.93
1834, 1053.96
1835, 1053.96
1836, 1053.96
1837, 1053.96
1838, 1054
1839, 1054
1840, 1054.02
1841, 1054.03
1842, 1054.04
1843, 1054.04
1844, 1054.08
1845, 1054.08
1846, 1054.15
1847, 1054.19
1848, 1054.2
1849, 1054.2
1850, 1054.22
1851, 1054.24
1852, 1054.25
1853, 1054.27
1854, 1054.31
1855, 1054.32
1856, 1054.34
1857, 1054.34
1858, 1054.38
1859, 1054.38
1860, 1054.42
1861, 1054.42
1862, 1054.51
1863, 1054.52
1864, 1054.53
1865, 1054.57
1866, 1054.58
1867, 1054.59
1868, 1054.6
1869, 1054.6
1870, 1054.61
1871, 1054.64
1872, 1054.65
1873, 1054.66
1874, 1054.67
1875, 1054.68
1876, 1054.72
1877, 1054.75
1878, 1054.78
1879, 1054.78
1880, 1054.79
1881, 1054.81
1882, 1054.81
1883, 1054.83
1884, 1054.83
1885, 1054.85
1886, 1054.92
1887, 1054.92
1888, 1054.94
1889, 1054.94
1890, 1054.95
1891, 1054.97
1892, 1055.02
1893, 1055.02
1894, 1055.03
1895, 1055.04
1896, 1055.04
1897, 1055.04
1898, 1055.04
1899, 1055.05
1900, 1055.06
1901, 1055.07
1902, 1055.1
1903, 1055.1
1904, 1055.12
1905, 1055.14
1906, 1055.15
1907, 1055.15
1908, 1055.17
1909, 1055.21
1910, 1055.21
1911, 1055.22
1912, 1055.22
1913, 1055.22
1914, 1055.23
1915, 1055.25
1916, 1055.26
1917, 1055.27
1918, 1055.28
1919, 1055.29
1920, 1055.31
1921, 1055.33
1922, 1055.36
1923, 1055.36
1924, 1055.4
1925, 1055.45
1926, 1055.47
1927, 1055.47
1928, 1055.49
1929, 1055.56
1930, 1055.57
1931, 1055.61
1932, 1055.64
1933, 1055.64
1934, 1055.65
1935, 1055.67
1936, 1055.67
1937, 1055.67
1938, 1055.69
1939, 1055.69
1940, 1055.73
1941, 1055.74
1942, 1055.75
1943, 1055.75
1944, 1055.75
1945, 1055.78
1946, 1055.78
1947, 1055.79
1948, 1055.8
1949, 1055.8
1950, 1055.81
1951, 1055.88
1952, 1055.9
1953, 1055.93
1954, 1055.94
1955, 1055.94
1956, 1055.95
1957, 1055.96
1958, 1055.98
1959, 1056
1960, 1056.03
1961, 1056.05
1962, 1056.09
1963, 1056.14
1964, 1056.15
1965, 1056.16
1966, 1056.17
1967, 1056.18
1968, 1056.19
1969, 1056.24
1970, 1056.24
1971, 1056.25
1972, 1056.27
1973, 1056.28
1974, 1056.3
1975, 1056.36
1976, 1056.4
1977, 1056.42
1978, 1056.43
1979, 1056.46
1980, 1056.46
1981, 1056.53
1982, 1056.53
1983, 1056.55
1984, 1056.58
1985, 1056.59
1986, 1056.59
1987, 1056.6
1988, 1056.64
1989, 1056.65
1990, 1056.65
1991, 1056.67
1992, 1056.67
1993, 1056.68
1994, 1056.72
1995, 1056.73
1996, 1056.74
1997, 1056.75
1998, 1056.75
1999, 1056.76
2000, 1056.77
2001, 1056.78
2002, 1056.79
2003, 1056.86
2004, 1056.87
2005, 1056.88
2006, 1056.88
2007, 1056.94
2008, 1056.95
2009, 1056.96
2010, 1056.97
2011, 1056.97
2012, 1056.98
2013, 1056.99
2014, 1057.06
2015, 1057.06
2016, 1057.07
2017, 1057.07
2018, 1057.08
2019, 1057.11
2020, 1057.11
2021, 1057.12
2022, 1057.13
2023, 1057.13
2024, 1057.13
2025, 1057.13
2026, 1057.16
2027, 1057.19
2028, 1057.19
2029, 1057.21
2030, 1057.25
2031, 1057.26
2032, 1057.26
2033, 1057.29
2034, 1057.31
2035, 1057.31
2036, 1057.32
2037, 1057.33
2038, 1057.34
2039, 1057.35
2040, 1057.35
2041, 1057.36
2042, 1057.38
2043, 1057.39
2044, 1057.39
2045, 1057.4
2046, 1057.4
2047, 1057.42
2048, 1057.43
2049, 1057.47
2050, 1057.49
2051, 1057.5
2052, 1057.5
2053, 1057.5
2054, 1057.51
2055, 1057.53
2056, 1057.54
2057, 1057.55
2058, 1057.55
2059, 1057.58
2060, 1057.59
2061, 1057.59
2062, 1057.59
2063, 1057.6
2064, 1057.62
2065, 1057.64
2066, 1057.64
2067, 1057.64
2068, 1057.69
2069, 1057.7
2070, 1057.71
2071, 1057.71
2072, 1057.73
2073, 1057.74
2074, 1057.79
2075, 1057.81
2076, 1057.81
2077, 1057.82
2078, 1057.85
2079, 1057.88
2080, 1057.9
2081, 1057.92
2082, 1057.98
2083, 1057.99
2084, 1058.02
2085, 1058.03
2086, 1058.03
2087, 1058.07
2088, 1058.09
2089, 1058.1
2090, 1058.1
2091, 1058.13
2092, 1058.13
2093, 1058.14
2094, 1058.16
2095, 1058.16
2096, 1058.17
2097, 1058.19
2098, 1058.21
2099, 1058.22
2100, 1058.23
2101, 1058.26
2102, 1058.27
2103, 1058.28
2104, 1058.3
2105, 1058.31
2106, 1058.33
2107, 1058.34
2108, 1058.38
2109, 1058.4
2110, 1058.42
2111, 1058.45
2112, 1058.45
2113, 1058.48
2114, 1058.5
2115, 1058.51
2116, 1058.54
2117, 1058.54
2118, 1058.55
2119, 1058.55
2120, 1058.55
2121, 1058.55
2122, 1058.58
2123, 1058.58
2124, 1058.58
2125, 1058.61
2126, 1058.66
2127, 1058.67
2128, 1058.67
2129, 1058.69
2130, 1058.71
2131, 1058.71
2132, 1058.75
2133, 1058.75
2134, 1058.76
2135, 1058.76
2136, 1058.8
2137, 1058.8
2138, 1058.81
2139, 1058.84
2140, 1058.88
2141, 1058.89
2142, 1058.9
2143, 1058.91
2144, 1058.92
2145, 1058.93
2146, 1058.93
2147, 1058.95
2148, 1058.95
2149, 1058.96
2150, 1058.97
2151, 1058.97
2152, 1058.98
2153, 1058.99
2154, 1059
2155, 1059.03
2156, 1059.06
2157, 1059.07
2158, 1059.08
2159, 1059.09
2160, 1059.1
2161, 1059.17
2162, 1059.2
2163, 1059.21
2164, 1059.21
2165, 1059.21
2166, 1059.22
2167, 1059.24
2168, 1059.27
2169, 1059.27
2170, 1059.3
2171, 1059.3
2172, 1059.31
2173, 1059.31
2174, 1059.31
2175, 1059.33
2176, 1059.33
2177, 1059.35
2178, 1059.36
2179, 1059.36
2180, 1059.37
2181, 1059.43
2182, 1059.43
2183, 1059.44
2184, 1059.45
2185, 1059.47
2186, 1059.49
2187, 1059.5
2188, 1059.51
2189, 1059.54
2190, 1059.57
2191, 1059.57
2192, 1059.59
2193, 1059.62
2194, 1059.62
2195, 1059.63
2196, 1059.64
2197, 1059.64
2198, 1059.67
2199, 1059.67
2200, 1059.68
2201, 1059.69
2202, 1059.69
2203, 1059.71
2204, 1059.71
2205, 1059.72
2206, 1059.73
2207, 1059.73
2208, 1059.75
2209, 1059.77
2210, 1059.81
2211, 1059.82
2212, 1059.82
2213, 1059.83
2214, 1059.84
2215, 1059.85
2216, 1059.86
2217, 1059.89
2218, 1059.93
2219, 1059.94
2220, 1059.98
2221, 1059.98
2222, 1059.98
2223, 1059.99
2224, 1059.99
2225, 1060
2226, 1060
2227, 1060.01
2228, 1060.02
2229, 1060.05
2230, 1060.05
2231, 1060.08
2232, 1060.08
2233, 1060.09
2234, 1060.1
2235, 1060.11
2236, 1060.13
2237, 1060.14
2238, 1060.14
2239, 1060.18
2240, 1060.18
2241, 1060.18
2242, 1060.22
2243, 1060.22
2244, 1060.23
2245, 1060.23
2246, 1060.24
2247, 1060.25
2248, 1060.27
2249, 1060.27
2250, 1060.29
2251, 1060.3
2252, 1060.33
2253, 1060.34
2254, 1060.34
2255, 1060.35
2256, 1060.37
2257, 1060.37
2258, 1060.39
2259, 1060.39
2260, 1060.41
2261, 1060.42
2262, 1060.44
2263, 1060.44
2264, 1060.46
2265, 1060.47
2266, 1060.47
2267, 1060.47
2268, 1060.48
2269, 1060.48
2270, 1060.5
2271, 1060.52
2272, 1060.53
2273, 1060.55
2274, 1060.56
2275, 1060.56
2276, 1060.57
2277, 1060.61
2278, 1060.62
2279, 1060.62
2280, 1060.65
2281, 1060.66
2282, 1060.67
2283, 1060.68
2284, 1060.68
2285, 1060.69
2286, 1060.71
2287, 1060.71
2288, 1060.71
2289, 1060.71
2290, 1060.72
2291, 1060.72
2292, 1060.74
2293, 1060.74
2294, 1060.76
2295, 1060.76
2296, 1060.77
2297, 1060.77
2298, 1060.78
2299, 1060.79
2300, 1060.82
2301, 1060.82
2302, 1060.84
2303, 1060.84
2304, 1060.84
2305, 1060.84
2306, 1060.85
2307, 1060.88
2308, 1060.89
2309, 1060.93
2310, 1060.95
2311, 1060.96
2312, 1060.96
2313, 1061
2314, 1061.01
2315, 1061.02
2316, 1061.03
2317, 1061.04
2318, 1061.04
2319, 1061.06
2320, 1061.07
2321, 1061.08
2322, 1061.09
2323, 1061.11
2324, 1061.11
2325, 1061.14
2326, 1061.15
2327, 1061.16
2328, 1061.17
2329, 1061.17
2330, 1061.18
2331, 1061.19
2332, 1061.19
2333, 1061.21
2334, 1061.21
2335, 1061.21
2336, 1061.22
2337, 1061.22
2338, 1061.23
2339, 1061.23
2340, 1061.25
2341, 1061.26
2342, 1061.26
2343, 1061.29
2344, 1061.3
2345, 1061.34
2346, 1061.35
2347, 1061.38
2348, 1061.38
2349, 1061.38
2350, 1061.39
2351, 1061.39
2352, 1061.4
2353, 1061.44
2354, 1061.48
2355, 1061.5
2356, 1061.52
2357, 1061.53
2358, 1061.55
2359, 1061.57
2360, 1061.58
2361, 1061.59
2362, 1061.6
2363, 1061.61
2364, 1061.63
2365, 1061.65
2366, 1061.65
2367, 1061.68
2368, 1061.71
2369, 1061.72
2370, 1061.73
2371, 1061.75
2372, 1061.77
2373, 1061.77
2374, 1061.78
2375, 1061.79
2376, 1061.8
2377, 1061.82
2378, 1061.83
2379, 1061.87
2380, 1061.87
2381, 1061.87
2382, 1061.88
2383, 1061.88
2384, 1061.89
2385, 1061.92
2386, 1061.94
2387, 1061.95
2388, 1061.95
2389, 1061.97
2390, 1061.99
2391, 1061.99
2392, 1062
2393, 1062
2394, 1062.02
2395, 1062.03
2396, 1062.04
2397, 1062.07
2398, 1062.07
2399, 1062.09
2400, 1062.1
2401, 1062.1
2402, 1062.11
2403, 1062.17
2404, 1062.17
2405, 1062.18
2406, 1062.18
2407, 1062.19
2408, 1062.22
2409, 1062.23
2410, 1062.23
2411, 1062.28
2412, 1062.32
2413, 1062.34
2414, 1062.36
2415, 1062.38
2416, 1062.41
2417, 1062.44
2418, 1062.45
2419, 1062.51
2420, 1062.51
2421, 1062.54
2422, 1062.56
2423, 1062.57
2424, 1062.58
2425, 1062.58
2426, 1062.59
2427, 1062.6
2428, 1062.61
2429, 1062.63
2430, 1062.63
2431, 1062.65
2432, 1062.68
2433, 1062.68
2434, 1062.7
2435, 1062.71
2436, 1062.71
2437, 1062.72
2438, 1062.73
2439, 1062.74
2440, 1062.75
2441, 1062.75
2442, 1062.76
2443, 1062.77
2444, 1062.8
2445, 1062.81
2446, 1062.82
2447, 1062.82
2448, 1062.84
2449, 1062.85
2450, 1062.87
2451, 1062.87
2452, 1062.88
2453, 1062.88
2454, 1062.88
2455, 1062.89
2456, 1062.9
2457, 1062.9
2458, 1062.92
2459, 1062.94
2460, 1062.96
2461, 1062.97
2462, 1063.01
2463, 1063.02
2464, 1063.03
2465, 1063.04
2466, 1063.05
2467, 1063.06
2468, 1063.07
2469, 1063.08
2470, 1063.11
2471, 1063.15
2472, 1063.15
2473, 1063.15
2474, 1063.17
2475, 1063.17
2476, 1063.17
2477, 1063.17
2478, 1063.18
2479, 1063.2
2480, 1063.21
2481, 1063.23
2482, 1063.24
2483, 1063.25
2484, 1063.25
2485, 1063.26
2486, 1063.26
2487, 1063.27
2488, 1063.28
2489, 1063.29
2490, 1063.3
2491, 1063.3
2492, 1063.3
2493, 1063.32
2494, 1063.32
2495, 1063.32
2496, 1063.33
2497, 1063.34
2498, 1063.34
2499, 1063.35
2500, 1063.35
2501, 1063.36
2502, 1063.37
2503, 1063.38
2504, 1063.39
2505, 1063.4
2506, 1063.42
2507, 1063.43
2508, 1063.43
2509, 1063.43
2510, 1063.45
2511, 1063.45
2512, 1063.45
2513, 1063.47
2514, 1063.47
2515, 1063.48
2516, 1063.49
2517, 1063.5
2518, 1063.53
2519, 1063.53
2520, 1063.55
2521, 1063.55
2522, 1063.56
2523, 1063.57
2524, 1063.58
2525, 1063.58
2526, 1063.61
2527, 1063.62
2528, 1063.62
2529, 1063.62
2530, 1063.63
2531, 1063.64
2532, 1063.65
2533, 1063.66
2534, 1063.67
2535, 1063.68
2536, 1063.74
2537, 1063.75
2538, 1063.75
2539, 1063.76
2540, 1063.77
2541, 1063.78
2542, 1063.78
2543, 1063.79
2544, 1063.87
2545, 1063.87
2546, 1063.87
2547, 1063.88
2548, 1063.9
2549, 1063.9
2550, 1063.91
2551, 1063.92
2552, 1063.94
2553, 1063.95
2554, 1063.95
2555, 1063.96
2556, 1063.97
2557, 1063.98
2558, 1064
2559, 1064
2560, 1064.01
2561, 1064.04
2562, 1064.05
2563, 1064.07
2564, 1064.07
2565, 1064.09
2566, 1064.1
2567, 1064.12
2568, 1064.13
2569, 1064.15
2570, 1064.16
2571, 1064.18
2572, 1064.19
2573, 1064.19
2574, 1064.2
2575, 1064.23
2576, 1064.24
2577, 1064.24
2578, 1064.25
2579, 1064.3
2580, 1064.32
2581, 1064.32
2582, 1064.34
2583, 1064.35
2584, 1064.35
2585, 1064.37
2586, 1064.38
2587, 1064.38
2588, 1064.38
2589, 1064.39
2590, 1064.39
2591, 1064.41
2592, 1064.41
2593, 1064.43
2594, 1064.47
2595, 1064.48
2596, 1064.48
2597, 1064.49
2598, 1064.5
2599, 1064.51
2600, 1064.52
2601, 1064.53
2602, 1064.54
2603, 1064.54
2604, 1064.55
2605, 1064.56
2606, 1064.57
2607, 1064.58
2608, 1064.6
2609, 1064.6
2610, 1064.6
2611, 1064.62
2612, 1064.63
2613, 1064.63
2614, 1064.63
2615, 1064.63
2616, 1064.64
2617, 1064.64
2618, 1064.66
2619, 1064.66
2620, 1064.66
2621, 1064.68
2622, 1064.72
2623, 1064.73
2624, 1064.73
2625, 1064.74
2626, 1064.75
2627, 1064.76
2628, 1064.77
2629, 1064.77
2630, 1064.78
2631, 1064.82
2632, 1064.82
2633, 1064.83
2634, 1064.84
2635, 1064.84
2636, 1064.84
2637, 1064.86
2638, 1064.86
2639, 1064.86
2640, 1064.86
2641, 1064.87
2642, 1064.88
2643, 1064.9
2644, 1064.91
2645, 1064.93
2646, 1064.94
2647, 1064.96
2648, 1064.96
2649, 1064.99
2650, 1065
2651, 1065
2652, 1065.02
2653, 1065.06
2654, 1065.07
2655, 1065.07
2656, 1065.08
2657, 1065.1
2658, 1065.11
2659, 1065.12
2660, 1065.14
2661, 1065.14
2662, 1065.14
2663, 1065.14
2664, 1065.14
2665, 1065.15
2666, 1065.16
2667, 1065.18
2668, 1065.21
2669, 1065.23
2670, 1065.25
2671, 1065.26
2672, 1065.28
2673, 1065.28
2674, 1065.3
2675, 1065.32
2676, 1065.32
2677, 1065.35
2678, 1065.36
2679, 1065.37
2680, 1065.4
2681, 1065.43
2682, 1065.44
2683, 1065.45
2684, 1065.45
2685, 1065.46
2686, 1065.49
2687, 1065.5
2688, 1065.51
2689, 1065.53
2690, 1065.54
2691, 1065.55
2692, 1065.55
2693, 1065.57
2694, 1065.57
2695, 1065.6
2696, 1065.61
2697, 1065.64
2698, 1065.64
2699, 1065.64
2700, 1065.65
2701, 1065.65
2702, 1065.71
2703, 1065.71
2704, 1065.71
2705, 1065.72
2706, 1065.72
2707, 1065.75
2708, 1065.76
2709, 1065.76
2710, 1065.77
2711, 1065.78
2712, 1065.82
2713, 1065.84
2714, 1065.84
2715, 1065.85
2716, 1065.85
2717, 1065.87
2718, 1065.87
2719, 1065.87
2720, 1065.88
2721, 1065.88
2722, 1065.9
2723, 1065.91
2724, 1065.93
2725, 1065.94
2726, 1065.96
2727, 1065.96
2728, 1065.97
2729, 1065.98
2730, 1065.99
2731, 1066.01
2732, 1066.01
2733, 1066.05
2734, 1066.05
2735, 1066.06
2736, 1066.06
2737, 1066.07
2738, 1066.08
2739, 1066.09
2740, 1066.1
2741, 1066.11
2742, 1066.11
2743, 1066.11
2744, 1066.12
2745, 1066.13
2746, 1066.13
2747, 1066.13
2748, 1066.13
2749, 1066.14
2750, 1066.14
2751, 1066.15
2752, 1066.15
2753, 1066.17
2754, 1066.18
2755, 1066.18
2756, 1066.19
2757, 1066.2
2758, 1066.21
2759, 1066.21
2760, 1066.22
2761, 1066.22
2762, 1066.23
2763, 1066.24
2764, 1066.28
2765, 1066.31
2766, 1066.33
2767, 1066.36
2768, 1066.38
2769, 1066.41
2770, 1066.42
2771, 1066.43
2772, 1066.44
2773, 1066.45
2774, 1066.45
2775, 1066.45
2776, 1066.46
2777, 1066.46
2778, 1066.5
2779, 1066.51
2780, 1066.51
2781, 1066.52
2782, 1066.54
2783, 1066.54
2784, 1066.56
2785, 1066.57
2786, 1066.58
2787, 1066.58
2788, 1066.59
2789, 1066.6
2790, 1066.6
2791, 1066.6
2792, 1066.61
2793, 1066.61
2794, 1066.63
2795, 1066.64
2796, 1066.64
2797, 1066.64
2798, 1066.65
2799, 1066.67
2800, 1066.7
2801, 1066.71
2802, 1066.72
2803, 1066.73
2804, 1066.73
2805, 1066.73
2806, 1066.73
2807, 1066.73
2808, 1066.75
2809, 1066.75
2810, 1066.75
2811, 1066.76
2812, 1066.78
2813, 1066.79
2814, 1066.79
2815, 1066.79
2816, 1066.8
2817, 1066.8
2818, 1066.81
2819, 1066.81
2820, 1066.83
2821, 1066.85
2822, 1066.86
2823, 1066.87
2824, 1066.89
2825, 1066.9
2826, 1066.91
2827, 1066.93
2828, 1066.93
2829, 1066.93
2830, 1066.94
2831, 1066.97
2832, 1066.99
2833, 1066.99
2834, 1066.99
2835, 1066.99
2836, 1067.01
2837, 1067.02
2838, 1067.02
2839, 1067.02
2840, 1067.03
2841, 1067.03
2842, 1067.04
2843, 1067.05
2844, 1067.05
2845, 1067.07
2846, 1067.07
2847, 1067.07
2848, 1067.08
2849, 1067.09
2850, 1067.09
2851, 1067.12
2852, 1067.12
2853, 1067.14
2854, 1067.16
2855, 1067.17
2856, 1067.19
2857, 1067.2
2858, 1067.2
2859, 1067.23
2860, 1067.23
2861, 1067.3
2862, 1067.31
2863, 1067.31
2864, 1067.33
2865, 1067.33
2866, 1067.37
2867, 1067.37
2868, 1067.39
2869, 1067.39
2870, 1067.41
2871, 1067.41
2872, 1067.41
2873, 1067.42
2874, 1067.45
2875, 1067.46
2876, 1067.46
2877, 1067.47
2878, 1067.47
2879, 1067.49
2880, 1067.49
2881, 1067.58
2882, 1067.58
2883, 1067.59
2884, 1067.6
2885, 1067.6
2886, 1067.62
2887, 1067.66
2888, 1067.68
2889, 1067.69
2890, 1067.69
2891, 1067.7
2892, 1067.72
2893, 1067.72
2894, 1067.73
2895, 1067.73
2896, 1067.73
2897, 1067.75
2898, 1067.76
2899, 1067.76
2900, 1067.76
2901, 1067.76
2902, 1067.79
2903, 1067.8
2904, 1067.8
2905, 1067.82
2906, 1067.83
2907, 1067.84
2908, 1067.85
2909, 1067.88
2910, 1067.88
2911, 1067.89
2912, 1067.91
2913, 1067.97
2914, 1067.99
2915, 1068
2916, 1068.01
2917, 1068.01
2918, 1068.01
2919, 1068.01
2920, 1068.02
2921, 1068.03
2922, 1068.04
2923, 1068.04
2924, 1068.06
2925, 1068.06
2926, 1068.13
2927, 1068.14
2928, 1068.14
2929, 1068.15
2930, 1068.16
2931, 1068.16
2932, 1068.17
2933, 1068.19
2934, 1068.19
2935, 1068.2
2936, 1068.23
2937, 1068.25
2938, 1068.26
2939, 1068.27
2940, 1068.29
2941, 1068.29
2942, 1068.29
2943, 1068.29
2944, 1068.3
2945, 1068.3
2946, 1068.31
2947, 1068.31
2948, 1068.32
2949, 1068.32
2950, 1068.32
2951, 1068.32
2952, 1068.33
2953, 1068.33
2954, 1068.35
2955, 1068.36
2956, 1068.41
2957, 1068.41
2958, 1068.42
2959, 1068.42
2960, 1068.44
2961, 1068.45
2962, 1068.47
2963, 1068.47
2964, 1068.48
2965, 1068.49
2966, 1068.49
2967, 1068.49
2968, 1068.51
2969, 1068.54
2970, 1068.55
2971, 1068.55
2972, 1068.57
2973, 1068.59
2974, 1068.63
2975, 1068.63
2976, 1068.63
2977, 1068.65
2978, 1068.65
2979, 1068.65
2980, 1068.66
2981, 1068.66
2982, 1068.67
2983, 1068.72
2984, 1068.74
2985, 1068.75
2986, 1068.76
2987, 1068.77
2988, 1068.79
2989, 1068.8
2990, 1068.82
2991, 1068.83
2992, 1068.83
2993, 1068.83
2994, 1068.86
2995, 1068.87
2996, 1068.87
2997, 1068.88
2998, 1068.88
2999, 1068.89
3000, 1068.9
3001, 1068.9
3002, 1068.9
3003, 1068.92
3004, 1068.92
3005, 1068.94
3006, 1068.95
3007, 1068.95
3008, 1068.95
3009, 1068.96
3010, 1068.97
3011, 1068.97
3012, 1069
3013, 1069
3014, 1069
3015, 1069.04
3016, 1069.06
3017, 1069.11
3018, 1069.11
3019, 1069.12
3020, 1069.12
3021, 1069.13
3022, 1069.13
3023, 1069.16
3024, 1069.16
3025, 1069.16
3026, 1069.17
3027, 1069.18
3028, 1069.19
3029, 1069.2
3030, 1069.2
3031, 1069.21
3032, 1069.21
3033, 1069.23
3034, 1069.23
3035, 1069.27
3036, 1069.27
3037, 1069.28
3038, 1069.29
3039, 1069.29
3040, 1069.29
3041, 1069.3
3042, 1069.31
3043, 1069.31
3044, 1069.31
3045, 1069.32
3046, 1069.32
3047, 1069.32
3048, 1069.34
3049, 1069.34
3050, 1069.34
3051, 1069.36
3052, 1069.39
3053, 1069.41
3054, 1069.41
3055, 1069.43
3056, 1069.44
3057, 1069.46
3058, 1069.47
3059, 1069.47
3060, 1069.48
3061, 1069.5
3062, 1069.5
3063, 1069.51
3064, 1069.51
3065, 1069.54
3066, 1069.54
3067, 1069.57
3068, 1069.6
3069, 1069.61
3070, 1069.61
3071, 1069.65
3072, 1069.65
3073, 1069.65
3074, 1069.67
3075, 1069.67
3076, 1069.68
3077, 1069.68
3078, 1069.69
3079, 1069.7
3080, 1069.72
3081, 1069.73
3082, 1069.73
3083, 1069.74
3084, 1069.77
3085, 1069.77
3086, 1069.79
3087, 1069.79
3088, 1069.81
3089, 1069.81
3090, 1069.83
3091, 1069.86
3092, 1069.88
3093, 1069.88
3094, 1069.9
3095, 1069.9
3096, 1069.92
3097, 1069.92
3098, 1069.93
3099, 1069.95
3100, 1069.97
3101, 1069.98
3102, 1070
3103, 1070
3104, 1070.01
3105, 1070.01
3106, 1070.02
3107, 1070.02
3108, 1070.04
3109, 1070.07
3110, 1070.07
3111, 1070.09
3112, 1070.09
3113, 1070.1
3114, 1070.1
3115, 1070.13
3116, 1070.14
3117, 1070.14
3118, 1070.14
3119, 1070.16
3120, 1070.16
3121, 1070.17
3122, 1070.18
3123, 1070.18
3124, 1070.18
3125, 1070.19
3126, 1070.2
3127, 1070.2
3128, 1070.2
3129, 1070.2
3130, 1070.21
3131, 1070.22
3132, 1070.22
3133, 1070.22
3134, 1070.23
3135, 1070.24
3136, 1070.24
3137, 1070.24
3138, 1070.26
3139, 1070.27
3140, 1070.28
3141, 1070.3
3142, 1070.31
3143, 1070.32
3144, 1070.32
3145, 1070.32
3146, 1070.33
3147, 1070.34
3148, 1070.34
3149, 1070.37
3150, 1070.39
3151, 1070.4
3152, 1070.4
3153, 1070.43
3154, 1070.44
3155, 1070.45
3156, 1070.47
3157, 1070.48
3158, 1070.48
3159, 1070.48
3160, 1070.5
3161, 1070.5
3162, 1070.51
3163, 1070.52
3164, 1070.53
3165, 1070.54
3166, 1070.57
3167, 1070.57
3168, 1070.57
3169, 1070.57
3170, 1070.58
3171, 1070.58
3172, 1070.6
3173, 1070.61
3174, 1070.61
3175, 1070.62
3176, 1070.63
3177, 1070.64
3178, 1070.66
3179, 1070.68
3180, 1070.69
3181, 1070.72
3182, 1070.73
3183, 1070.75
3184, 1070.78
3185, 1070.8
3186, 1070.81
3187, 1070.81
3188, 1070.82
3189, 1070.82
3190, 1070.84
3191, 1070.84
3192, 1070.85
3193, 1070.85
3194, 1070.85
3195, 1070.85
3196, 1070.86
3197, 1070.86
3198, 1070.86
3199, 1070.87
3200, 1070.88
3201, 1070.92
3202, 1070.95
3203, 1070.95
3204, 1070.95
3205, 1070.96
3206, 1070.96
3207, 1070.97
3208, 1070.98
3209, 1071
3210, 1071.01
3211, 1071.02
3212, 1071.05
3213, 1071.05
3214, 1071.05
3215, 1071.08
3216, 1071.09
3217, 1071.09
3218, 1071.11
3219, 1071.11
3220, 1071.12
3221, 1071.12
3222, 1071.13
3223, 1071.13
3224, 1071.13
3225, 1071.14
3226, 1071.15
3227, 1071.15
3228, 1071.16
3229, 1071.16
3230, 1071.16
3231, 1071.24
3232, 1071.25
3233, 1071.25
3234, 1071.26
3235, 1071.28
3236, 1071.29
3237, 1071.3
3238, 1071.31
3239, 1071.32
3240, 1071.34
3241, 1071.34
3242, 1071.36
3243, 1071.37
3244, 1071.37
3245, 1071.39
3246, 1071.4
3247, 1071.42
3248, 1071.42
3249, 1071.44
3250, 1071.44
3251, 1071.47
3252, 1071.47
3253, 1071.47
3254, 1071.48
3255, 1071.49
3256, 1071.5
3257, 1071.52
3258, 1071.54
3259, 1071.54
3260, 1071.54
3261, 1071.54
3262, 1071.55
3263, 1071.55
3264, 1071.56
3265, 1071.57
3266, 1071.58
3267, 1071.59
3268, 1071.59
3269, 1071.59
3270, 1071.59
3271, 1071.6
3272, 1071.6
3273, 1071.61
3274, 1071.62
3275, 1071.63
3276, 1071.65
3277, 1071.65
3278, 1071.68
3279, 1071.68
3280, 1071.68
3281, 1071.69
3282, 1071.69
3283, 1071.7
3284, 1071.72
3285, 1071.73
3286, 1071.77
3287, 1071.79
3288, 1071.8
3289, 1071.81
3290, 1071.81
3291, 1071.82
3292, 1071.82
3293, 1071.84
3294, 1071.86
3295, 1071.86
3296, 1071.87
3297, 1071.88
3298, 1071.88
3299, 1071.88
3300, 1071.89
3301, 1071.91
3302, 1071.91
3303, 1071.92
3304, 1071.93
3305, 1071.94
3306, 1071.98
3307, 1072.01
3308, 1072.01
3309, 1072.01
3310, 1072.03
3311, 1072.03
3312, 1072.04
3313, 1072.05
3314, 1072.07
3315, 1072.07
3316, 1072.07
3317, 1072.08
3318, 1072.09
3319, 1072.09
3320, 1072.11
3321, 1072.12
3322, 1072.13
3323, 1072.13
3324, 1072.14
3325, 1072.16
3326, 1072.16
3327, 1072.17
3328, 1072.19
3329, 1072.25
3330, 1072.26
3331, 1072.27
3332, 1072.32
3333, 1072.34
3334, 1072.34
3335, 1072.36
3336, 1072.37
3337, 1072.39
3338, 1072.46
3339, 1072.46
3340, 1072.46
3341, 1072.47
3342, 1072.48
3343, 1072.49
3344, 1072.49
3345, 1072.49
3346, 1072.52
3347, 1072.52
3348, 1072.52
3349, 1072.54
3350, 1072.54
3351, 1072.55
3352, 1072.55
3353, 1072.56
3354, 1072.56
3355, 1072.57
3356, 1072.58
3357, 1072.58
3358, 1072.59
3359, 1072.59
3360, 1072.6
3361, 1072.61
3362, 1072.61
3363, 1072.63
3364, 1072.64
3365, 1072.65
3366, 1072.66
3367, 1072.67
3368, 1072.68
3369, 1072.69
3370, 1072.7
3371, 1072.71
3372, 1072.72
3373, 1072.73
3374, 1072.76
3375, 1072.77
3376, 1072.77
3377, 1072.78
3378, 1072.79
3379, 1072.79
3380, 1072.79
3381, 1072.79
3382, 1072.81
3383, 1072.81
3384, 1072.82
3385, 1072.83
3386, 1072.84
3387, 1072.84
3388, 1072.86
3389, 1072.86
3390, 1072.87
3391, 1072.87
3392, 1072.88
3393, 1072.88
3394, 1072.88
3395, 1072.89
3396, 1072.89
3397, 1072.92
3398, 1072.95
3399, 1072.96
3400, 1072.97
3401, 1072.97
3402, 1072.98
3403, 1073.01
3404, 1073.02
3405, 1073.02
3406, 1073.03
3407, 1073.05
3408, 1073.06
3409, 1073.07
3410, 1073.07
3411, 1073.08
3412, 1073.08
3413, 1073.12
3414, 1073.14
3415, 1073.15
3416, 1073.16
3417, 1073.18
3418, 1073.18
3419, 1073.2
3420, 1073.21
3421, 1073.24
3422, 1073.24
3423, 1073.25
3424, 1073.25
3425, 1073.28
3426, 1073.29
3427, 1073.31
3428, 1073.32
3429, 1073.32
3430, 1073.32
3431, 1073.33
3432, 1073.33
3433, 1073.34
3434, 1073.34
3435, 1073.36
3436, 1073.36
3437, 1073.37
3438, 1073.37
3439, 1073.38
3440, 1073.39
3441, 1073.41
3442, 1073.41
3443, 1073.42
3444, 1073.42
3445, 1073.45
3446, 1073.45
3447, 1073.46
3448, 1073.46
3449, 1073.48
3450, 1073.5
3451, 1073.5
3452, 1073.5
3453, 1073.5
3454, 1073.53
3455, 1073.54
3456, 1073.55
3457, 1073.55
3458, 1073.57
3459, 1073.57
3460, 1073.59
3461, 1073.6
3462, 1073.61
3463, 1073.61
3464, 1073.63
3465, 1073.67
3466, 1073.68
3467, 1073.68
3468, 1073.68
3469, 1073.69
3470, 1073.69
3471, 1073.71
3472, 1073.71
3473, 1073.75
3474, 1073.76
3475, 1073.81
3476, 1073.85
3477, 1073.86
3478, 1073.87
3479, 1073.88
3480, 1073.89
3481, 1073.91
3482, 1073.92
3483, 1073.95
3484, 1073.98
3485, 1073.99
3486, 1074
3487, 1074.01
3488, 1074.03
3489, 1074.04
3490, 1074.07
3491, 1074.07
3492, 1074.08
3493, 1074.08
3494, 1074.1
3495, 1074.11
3496, 1074.13
3497, 1074.13
3498, 1074.14
3499, 1074.14
3500, 1074.16
3501, 1074.16
3502, 1074.22
3503, 1074.23
3504, 1074.23
3505, 1074.25
3506, 1074.25
3507, 1074.27
3508, 1074.28
3509, 1074.28
3510, 1074.28
3511, 1074.29
3512, 1074.29
3513, 1074.32
3514, 1074.32
3515, 1074.33
3516, 1074.33
3517, 1074.33
3518, 1074.34
3519, 1074.36
3520, 1074.36
3521, 1074.36
3522, 1074.36
3523, 1074.36
3524, 1074.37
3525, 1074.39
3526, 1074.39
3527, 1074.41
3528, 1074.41
3529, 1074.42
3530, 1074.42
3531, 1074.46
3532, 1074.47
3533, 1074.48
3534, 1074.48
3535, 1074.49
3536, 1074.5
3537, 1074.54
3538, 1074.55
3539, 1074.55
3540, 1074.57
3541, 1074.6
3542, 1074.6
3543, 1074.64
3544, 1074.65
3545, 1074.68
3546, 1074.68
3547, 1074.68
3548, 1074.69
3549, 1074.69
3550, 1074.69
3551, 1074.7
3552, 1074.71
3553, 1074.74
3554, 1074.74
3555, 1074.75
3556, 1074.76
3557, 1074.76
3558, 1074.76
3559, 1074.78
3560, 1074.79
3561, 1074.79
3562, 1074.8
3563, 1074.82
3564, 1074.84
3565, 1074.84
3566, 1074.85
3567, 1074.85
3568, 1074.85
3569, 1074.87
3570, 1074.87
3571, 1074.92
3572, 1074.92
3573, 1074.92
3574, 1074.97
3575, 1074.97
3576, 1074.99
3577, 1075
3578, 1075
3579, 1075.01
3580, 1075.01
3581, 1075.01
3582, 1075.01
3583, 1075.04
3584, 1075.05
3585, 1075.06
3586, 1075.07
3587, 1075.07
3588, 1075.08
3589, 1075.08
3590, 1075.08
3591, 1075.09
3592, 1075.09
3593, 1075.11
3594, 1075.11
3595, 1075.12
3596, 1075.12
3597, 1075.12
3598, 1075.13
3599, 1075.14
3600, 1075.14
3601, 1075.15
3602, 1075.15
3603, 1075.16
3604, 1075.16
3605, 1075.17
3606, 1075.18
3607, 1075.18
3608, 1075.18
3609, 1075.19
3610, 1075.2
3611, 1075.2
3612, 1075.21
3613, 1075.22
3614, 1075.24
3615, 1075.24
3616, 1075.28
3617, 1075.31
3618, 1075.32
3619, 1075.32
3620, 1075.33
3621, 1075.34
3622, 1075.35
3623, 1075.36
3624, 1075.39
3625, 1075.39
3626, 1075.42
3627, 1075.45
3628, 1075.46
3629, 1075.46
3630, 1075.46
3631, 1075.47
3632, 1075.48
3633, 1075.48
3634, 1075.48
3635, 1075.5
3636, 1075.5
3637, 1075.51
3638, 1075.51
3639, 1075.52
3640, 1075.52
3641, 1075.53
3642, 1075.53
3643, 1075.56
3644, 1075.57
3645, 1075.59
3646, 1075.59
3647, 1075.59
3648, 1075.6
3649, 1075.61
3650, 1075.61
3651, 1075.62
3652, 1075.65
3653, 1075.68
3654, 1075.68
3655, 1075.69
3656, 1075.7
3657, 1075.7
3658, 1075.72
3659, 1075.73
3660, 1075.75
3661, 1075.76
3662, 1075.76
3663, 1075.77
3664, 1075.8
3665, 1075.82
3666, 1075.82
3667, 1075.83
3668, 1075.83
3669, 1075.83
3670, 1075.83
3671, 1075.84
3672, 1075.85
3673, 1075.86
3674, 1075.87
3675, 1075.88
3676, 1075.88
3677, 1075.89
3678, 1075.91
3679, 1075.93
3680, 1075.93
3681, 1075.93
3682, 1075.94
3683, 1075.94
3684, 1075.94
3685, 1075.95
3686, 1075.97
3687, 1075.98
3688, 1075.98
3689, 1075.98
3690, 1075.99
3691, 1076
3692, 1076.02
3693, 1076.04
3694, 1076.06
3695, 1076.07
3696, 1076.07
3697, 1076.09
3698, 1076.09
3699, 1076.09
3700, 1076.1
3701, 1076.12
3702, 1076.15
3703, 1076.15
3704, 1076.15
3705, 1076.16
3706, 1076.17
3707, 1076.17
3708, 1076.18
3709, 1076.18
3710, 1076.18
3711, 1076.19
3712, 1076.19
3713, 1076.2
3714, 1076.2
3715, 1076.2
3716, 1076.25
3717, 1076.26
3718, 1076.28
3719, 1076.3
3720, 1076.32
3721, 1076.34
3722, 1076.34
3723, 1076.35
3724, 1076.35
3725, 1076.36
3726, 1076.36
3727, 1076.36
3728, 1076.37
3729, 1076.39
3730, 1076.39
3731, 1076.4
3732, 1076.4
3733, 1076.41
3734, 1076.42
3735, 1076.43
3736, 1076.45
3737, 1076.45
3738, 1076.47
3739, 1076.48
3740, 1076.48
3741, 1076.5
3742, 1076.52
3743, 1076.52
3744, 1076.54
3745, 1076.54
3746, 1076.56
3747, 1076.57
3748, 1076.58
3749, 1076.6
3750, 1076.6
3751, 1076.62
3752, 1076.62
3753, 1076.66
3754, 1076.67
3755, 1076.68
3756, 1076.69
3757, 1076.69
3758, 1076.69
3759, 1076.71
3760, 1076.71
3761, 1076.73
3762, 1076.74
3763, 1076.76
3764, 1076.76
3765, 1076.77
3766, 1076.77
3767, 1076.77
3768, 1076.78
3769, 1076.78
3770, 1076.79
3771, 1076.8
3772, 1076.8
3773, 1076.81
3774, 1076.82
3775, 1076.84
3776, 1076.84
3777, 1076.84
3778, 1076.85
3779, 1076.86
3780, 1076.9
3781, 1076.9
3782, 1076.9
3783, 1076.9
3784, 1076.91
3785, 1076.91
3786, 1076.91
3787, 1076.92
3788, 1076.92
3789, 1076.95
3790, 1076.95
3791, 1076.96
3792, 1076.98
3793, 1077
3794, 1077
3795, 1077.01
3796, 1077.02
3797, 1077.02
3798, 1077.03
3799, 1077.03
3800, 1077.05
3801, 1077.05
3802, 1077.06
3803, 1077.1
3804, 1077.11
3805, 1077.12
3806, 1077.13
3807, 1077.13
3808, 1077.14
3809, 1077.18
3810, 1077.18
3811, 1077.2
3812, 1077.23
3813, 1077.24
3814, 1077.24
3815, 1077.26
3816, 1077.26
3817, 1077.26
3818, 1077.27
3819, 1077.27
3820, 1077.28
3821, 1077.3
3822, 1077.31
3823, 1077.33
3824, 1077.33
3825, 1077.34
3826, 1077.38
3827, 1077.39
3828, 1077.4
3829, 1077.41
3830, 1077.45
3831, 1077.46
3832, 1077.47
3833, 1077.48
3834, 1077.48
3835, 1077.49
3836, 1077.51
3837, 1077.51
3838, 1077.51
3839, 1077.54
3840, 1077.55
3841, 1077.56
3842, 1077.56
3843, 1077.57
3844, 1077.58
3845, 1077.6
3846, 1077.61
3847, 1077.61
3848, 1077.62
3849, 1077.64
3850, 1077.65
3851, 1077.66
3852, 1077.67
3853, 1077.68
3854, 1077.69
3855, 1077.7
3856, 1077.71
3857, 1077.75
3858, 1077.75
3859, 1077.75
3860, 1077.79
3861, 1077.8
3862, 1077.8
3863, 1077.82
3864, 1077.83
3865, 1077.84
3866, 1077.85
3867, 1077.86
3868, 1077.89
3869, 1077.89
3870, 1077.9
3871, 1077.91
3872, 1077.93
3873, 1077.93
3874, 1077.93
3875, 1077.96
3876, 1077.97
3877, 1077.98
3878, 1077.99
3879, 1078
3880, 1078.01
3881, 1078.01
3882, 1078.02
3883, 1078.03
3884, 1078.03
3885, 1078.04
3886, 1078.06
3887, 1078.06
3888, 1078.07
3889, 1078.12
3890, 1078.13
3891, 1078.14
3892, 1078.15
3893, 1078.18
3894, 1078.18
3895, 1078.19
3896, 1078.2
3897, 1078.26
3898, 1078.26
3899, 1078.27
3900, 1078.29
3901, 1078.3
3902, 1078.3
3903, 1078.31
3904, 1078.31
3905, 1078.32
3906, 1078.32
3907, 1078.32
3908, 1078.32
3909, 1078.33
3910, 1078.34
3911, 1078.34
3912, 1078.34
3913, 1078.35
3914, 1078.35
3915, 1078.36
3916, 1078.36
3917, 1078.4
3918, 1078.41
3919, 1078.45
3920, 1078.49
3921, 1078.49
3922, 1078.52
3923, 1078.52
3924, 1078.53
3925, 1078.54
3926, 1078.55
3927, 1078.55
3928, 1078.57
3929, 1078.58
3930, 1078.59
3931, 1078.61
3932, 1078.62
3933, 1078.63
3934, 1078.63
3935, 1078.64
3936, 1078.64
3937, 1078.66
3938, 1078.71
3939, 1078.72
3940, 1078.72
3941, 1078.74
3942, 1078.74
3943, 1078.75
3944, 1078.75
3945, 1078.75
3946, 1078.76
3947, 1078.8
3948, 1078.8
3949, 1078.82
3950, 1078.82
3951, 1078.83
3952, 1078.83
3953, 1078.84
3954, 1078.84
3955, 1078.85
3956, 1078.85
3957, 1078.86
3958, 1078.87
3959, 1078.87
3960, 1078.89
3961, 1078.9
3962, 1078.9
3963, 1078.9
3964, 1078.9
3965, 1078.91
3966, 1078.93
3967, 1078.95
3968, 1078.96
3969, 1078.97
3970, 1079
3971, 1079
3972, 1079.01
3973, 1079.02
3974, 1079.04
3975, 1079.04
3976, 1079.04
3977, 1079.06
3978, 1079.06
3979, 1079.09
3980, 1079.09
3981, 1079.1
3982, 1079.11
3983, 1079.12
3984, 1079.12
3985, 1079.13
3986, 1079.14
3987, 1079.16
3988, 1079.17
3989, 1079.23
3990, 1079.23
3991, 1079.24
3992, 1079.25
3993, 1079.25
3994, 1079.25
3995, 1079.26
3996, 1079.26
3997, 1079.26
3998, 1079.27
3999, 1079.27
4000, 1079.3
4001, 1079.31
4002, 1079.32
4003, 1079.32
4004, 1079.34
4005, 1079.35
4006, 1079.35
4007, 1079.36
4008, 1079.38
4009, 1079.38
4010, 1079.39
4011, 1079.39
4012, 1079.4
4013, 1079.41
4014, 1079.41
4015, 1079.42
4016, 1079.42
4017, 1079.43
4018, 1079.45
4019, 1079.45
4020, 1079.47
4021, 1079.49
4022, 1079.5
4023, 1079.51
4024, 1079.53
4025, 1079.55
4026, 1079.56
4027, 1079.57
4028, 1079.6
4029, 1079.62
4030, 1079.62
4031, 1079.64
4032, 1079.66
4033, 1079.67
4034, 1079.67
4035, 1079.67
4036, 1079.68
4037, 1079.69
4038, 1079.69
4039, 1079.71
4040, 1079.72
4041, 1079.72
4042, 1079.73
4043, 1079.74
4044, 1079.75
4045, 1079.77
4046, 1079.77
4047, 1079.77
4048, 1079.78
4049, 1079.8
4050, 1079.84
4051, 1079.84
4052, 1079.85
4053, 1079.85
4054, 1079.87
4055, 1079.87
4056, 1079.89
4057, 1079.9
4058, 1079.91
4059, 1079.92
4060, 1079.95
4061, 1079.96
4062, 1079.96
4063, 1079.96
4064, 1079.97
4065, 1079.99
4066, 1079.99
4067, 1080
4068, 1080.02
4069, 1080.03
4070, 1080.06
4071, 1080.07
4072, 1080.1
4073, 1080.1
4074, 1080.11
4075, 1080.18
4076, 1080.2
4077, 1080.21
4078, 1080.21
4079, 1080.22
4080, 1080.23
4081, 1080.24
4082, 1080.25
4083, 1080.28
4084, 1080.29
4085, 1080.31
4086, 1080.31
4087, 1080.33
4088, 1080.34
4089, 1080.36
4090, 1080.36
4091, 1080.37
4092, 1080.4
4093, 1080.4
4094, 1080.42
4095, 1080.43
4096, 1080.45
4097, 1080.45
4098, 1080.45
4099, 1080.46
4100, 1080.46
4101, 1080.48
4102, 1080.48
4103, 1080.5
4104, 1080.5
4105, 1080.51
4106, 1080.52
4107, 1080.54
4108, 1080.55
4109, 1080.55
4110, 1080.57
4111, 1080.58
4112, 1080.59
4113, 1080.6
4114, 1080.62
4115, 1080.62
4116, 1080.66
4117, 1080.67
4118, 1080.68
4119, 1080.71
4120, 1080.72
4121, 1080.74
4122, 1080.74
4123, 1080.74
4124, 1080.74
4125, 1080.76
4126, 1080.76
4127, 1080.76
4128, 1080.77
4129, 1080.8
4130, 1080.81
4131, 1080.86
4132, 1080.87
4133, 1080.89
4134, 1080.89
4135, 1080.9
4136, 1080.9
4137, 1080.91
4138, 1080.91
4139, 1080.92
4140, 1080.92
4141, 1080.92
4142, 1080.94
4143, 1080.94
4144, 1080.94
4145, 1080.96
4146, 1080.96
4147, 1080.99
4148, 1081
4149, 1081.03
4150, 1081.04
4151, 1081.05
4152, 1081.06
4153, 1081.08
4154, 1081.09
4155, 1081.14
4156, 1081.15
4157, 1081.15
4158, 1081.16
4159, 1081.17
4160, 1081.19
4161, 1081.21
4162, 1081.22
4163, 1081.23
4164, 1081.25
4165, 1081.25
4166, 1081.26
4167, 1081.27
4168, 1081.28
4169, 1081.28
4170, 1081.29
4171, 1081.31
4172, 1081.32
4173, 1081.33
4174, 1081.33
4175, 1081.34
4176, 1081.38
4177, 1081.41
4178, 1081.41
4179, 1081.43
4180, 1081.43
4181, 1081.45
4182, 1081.47
4183, 1081.49
4184, 1081.5
4185, 1081.51
4186, 1081.51
4187, 1081.52
4188, 1081.52
4189, 1081.55
4190, 1081.57
4191, 1081.59
4192, 1081.63
4193, 1081.66
4194, 1081.67
4195, 1081.69
4196, 1081.76
4197, 1081.8
4198, 1081.8
4199, 1081.81
4200, 1081.82
4201, 1081.82
4202, 1081.84
4203, 1081.84
4204, 1081.85
4205, 1081.86
4206, 1081.88
4207, 1081.9
4208, 1081.91
4209, 1081.91
4210, 1081.91
4211, 1081.94
4212, 1081.96
4213, 1081.96
4214, 1081.96
4215, 1081.98
4216, 1081.98
4217, 1081.98
4218, 1082
4219, 1082.01
4220, 1082.03
4221, 1082.03
4222, 1082.04
4223, 1082.05
4224, 1082.07
4225, 1082.08
4226, 1082.08
4227, 1082.13
4228, 1082.14
4229, 1082.15
4230, 1082.16
4231, 1082.17
4232, 1082.18
4233, 1082.19
4234, 1082.21
4235, 1082.21
4236, 1082.21
4237, 1082.22
4238, 1082.24
4239, 1082.24
4240, 1082.3
4241, 1082.3
4242, 1082.31
4243, 1082.36
4244, 1082.4
4245, 1082.4
4246, 1082.4
4247, 1082.41
4248, 1082.42
4249, 1082.43
4250, 1082.44
4251, 1082.45
4252, 1082.48
4253, 1082.5
4254, 1082.53
4255, 1082.53
4256, 1082.55
4257, 1082.57
4258, 1082.59
4259, 1082.6
4260, 1082.62
4261, 1082.64
4262, 1082.64
4263, 1082.65
4264, 1082.68
4265, 1082.69
4266, 1082.7
4267, 1082.73
4268, 1082.73
4269, 1082.75
4270, 1082.78
4271, 1082.79
4272, 1082.81
4273, 1082.86
4274, 1082.89
4275, 1082.9
4276, 1082.93
4277, 1082.93
4278, 1082.95
4279, 1082.99
4280, 1083.01
4281, 1083.03
4282, 1083.07
4283, 1083.08
4284, 1083.08
4285, 1083.09
4286, 1083.09
4287, 1083.09
4288, 1083.14
4289, 1083.15
4290, 1083.17
4291, 1083.18
4292, 1083.19
4293, 1083.2
4294, 1083.22
4295, 1083.22
4296, 1083.26
4297, 1083.29
4298, 1083.3
4299, 1083.3
4300, 1083.3
4301, 1083.34
4302, 1083.35
4303, 1083.36
4304, 1083.36
4305, 1083.37
4306, 1083.42
4307, 1083.44
4308, 1083.44
4309, 1083.45
4310, 1083.46
4311, 1083.48
4312, 1083.5
4313, 1083.5
4314, 1083.51
4315, 1083.52
4316, 1083.52
4317, 1083.54
4318, 1083.54
4319, 1083.56
4320, 1083.57
4321, 1083.57
4322, 1083.59
4323, 1083.61
4324, 1083.64
4325, 1083.66
4326, 1083.72
4327, 1083.72
4328, 1083.72
4329, 1083.74
4330, 1083.76
4331, 1083.76
4332, 1083.81
4333, 1083.87
4334, 1083.87
4335, 1083.88
4336, 1083.88
4337, 1083.89
4338, 1083.95
4339, 1083.97
4340, 1084.02
4341, 1084.06
4342, 1084.09
4343, 1084.12
4344, 1084.13
4345, 1084.16
4346, 1084.2
4347, 1084.22
4348, 1084.25
4349, 1084.26
4350, 1084.31
4351, 1084.32
4352, 1084.37
4353, 1084.39
4354, 1084.46
4355, 1084.48
4356, 1084.49
4357, 1084.49
4358, 1084.56
4359, 1084.56
4360, 1084.57
4361, 1084.58
4362, 1084.61
4363, 1084.62
4364, 1084.66
4365, 1084.67
4366, 1084.68
4367, 1084.69
4368, 1084.72
4369, 1084.74
4370, 1084.76
4371, 1084.76
4372, 1084.8
4373, 1084.82
4374, 1084.82
4375, 1084.84
4376, 1084.87
4377, 1084.93
4378, 1084.94
4379, 1084.94
4380, 1085.02
4381, 1085.02
4382, 1085.03
4383, 1085.06
4384, 1085.06
4385, 1085.11
4386, 1085.13
4387, 1085.14
4388, 1085.24
4389, 1085.27
4390, 1085.33
4391, 1085.34
4392, 1085.35
4393, 1085.36
4394, 1085.38
4395, 1085.46
4396, 1085.5
4397, 1085.51
4398, 1085.55
4399, 1085.57
4400, 1085.58
4401, 1085.59
4402, 1085.62
4403, 1085.66
4404, 1085.7
4405, 1085.72
4406, 1085.76
4407, 1085.77
4408, 1085.79
4409, 1085.82
4410, 1085.85
4411, 1085.9
4412, 1085.92
4413, 1085.92
4414, 1085.93
4415, 1085.97
4416, 1086.01
4417, 1086.01
4418, 1086.07
4419, 1086.12
4420, 1086.15
4421, 1086.16
4422, 1086.18
4423, 1086.22
4424, 1086.33
4425, 1086.36
4426, 1086.38
4427, 1086.39
4428, 1086.42
4429, 1086.45
4430, 1086.48
4431, 1086.51
4432, 1086.52
4433, 1086.56
4434, 1086.57
4435, 1086.58
4436, 1086.62
4437, 1086.73
4438, 1086.76
4439, 1086.81
4440, 1086.85
4441, 1086.85
4442, 1086.88
4443, 1086.89
4444, 1086.97
4445, 1087.01
4446, 1087.06
4447, 1087.27
4448, 1087.31
4449, 1087.34
4450, 1087.4
4451, 1087.46
4452, 1087.5
4453, 1087.64
4454, 1087.68
4455, 1087.7
4456, 1087.73
4457, 1087.79
4458, 1088.01
4459, 1088.02
4460, 1088.04
4461, 1088.07
4462, 1088.11
4463, 1088.24
4464, 1088.4
4465, 1088.42
4466, 1088.51
4467, 1088.52
4468, 1088.55
4469, 1088.55
4470, 1088.56
4471, 1088.7
4472, 1088.82
4473, 1089.02
4474, 1089.24
4475, 1089.25
4476, 1089.4
4477, 1089.41
4478, 1089.44
4479, 1089.53
4480, 1089.61
4481, 1089.73
4482, 1089.77
4483, 1089.79
4484, 1089.81
4485, 1089.88
4486, 1090.06
4487, 1090.09
4488, 1090.71
4489, 1091.03
4490, 1091.23
4491, 1091.48
4492, 1091.49
4493, 1091.52
4494, 1091.61
4495, 1092.3
4496, 1092.65
4497, 1093.89
---------------------------------------------------------------------------------------
 #bytes #iterations    t_min[usec]    t_max[usec]  t_typical[usec]    t_avg[usec]    t_stdev[usec]   99% percentile[usec]   99.9% percentile[usec] 
 2       4500          2.46           1094.52      1060.27  	       1015.98     	197.06 		1087.68 		1091.61
---------------------------------------------------------------------------------------
