1785241128.552118746 7867855213046
1785241129.565784339 7867855213046
1785241130.577656994 7867895285202
1785241131.589990118 7868934476436
1785241132.602394274 7872644445290
1785241133.614600674 7876353066204
1785241134.627115366 7880066421852
1785241135.640299066 7883778743160
1785241136.652872728 7887488100988
1785241137.665356286 7891196143044
1785241138.676257770 7894902259030
1785241139.687354433 7898606936614
1785241140.698560279 7902311865096
1785241141.709580069 7906016586972
1785241142.720442379 7909722426882
1785241143.731245174 7913427881520
1785241144.742109189 7917131976846
1785241145.753232121 7920840210830
1785241146.765283315 7924548444814
1785241147.777706789 7928259989534
1785241148.789904895 7931969051440
1785241149.801757523 7935676307072
1785241150.814118411 7939386255474
1785241151.826340465 7943097537074
1785241152.838462187 7946805545954
1785241153.850315243 7950510221360
1785241154.861241561 7953715360002
