1785241158.655336873 7953715360002
1785241159.667915655 7953715360002
1785241160.679599756 7957189485438
1785241161.690574309 7960894564452
1785241162.701510490 7964602461878
1785241163.712407639 7968309896258
1785241164.723286075 7972015319542
1785241165.734826568 7975747990586
1785241166.753114799 7979453070640
1785241167.764078654 7983160308360
1785241168.775328656 7986864262488
1785241169.786339497 7990574865164
1785241170.797172583 7994275454076
1785241171.807881743 7997979499092
1785241172.818603963 8001682508826
1785241173.829268077 8005391294236
1785241174.840274017 8009095506230
1785241175.851117961 8012801885014
1785241176.861936279 8016509033406
1785241177.872866914 8020214112810
1785241178.884021665 8023917122674
1785241179.894981410 8027622202062
1785241180.905829856 8031326246672
1785241181.916818987 8035031325124
1785241182.927490695 8038734335810
1785241183.938169167 8042438379916
1785241184.948843300 8045452127802
