1785241290.251584907 15701279246700 8045452127802
1785241291.270877361 15701279246700 8045452127802
1785241292.290954481 15704630973954 8045452127802
1785241293.311461107 15708373796584 8045452127802
1785241294.331502112 15712110949646 8045452127802
1785241295.350195545 15715842929710 8045452127802
1785241296.369199065 15719578012354 8045452127802
1785241297.389209900 15723315165432 8045452127802
1785241298.408866043 15727050411292 8045452127802
1785241299.426595154 15730782230610 8045452127802
1785241300.444128520 15734512141540 8045452127802
1785241301.461693087 15738239983710 8045452127802
1785241302.479022375 15741970929142 8045452127802
1785241303.496243812 15745699793366 8045452127802
1785241304.513951268 15749426763772 8045452127802
1785241305.531406413 15753160664012 8045452127802
1785241306.548965393 15756892514318 8045452127802
1785241307.567810738 15760619970306 8045452127802
1785241308.585558519 15764354535054 8045452127802
1785241309.603159367 15768079272418 8045452127802
1785241310.620562511 15771807114490 8045452127802
1785241311.638141882 15775534955864 8045452127802
1785241312.654702018 15779267979102 8045452127802
1785241313.672282929 15782994171936 8045452127802
1785241314.689717153 15786721329186 8045452127802
1785241315.707221229 15790455644042 8045452127802
1785241316.724815291 15794180383242 8045452127802
1785241317.742410359 15797913406984 8045452127802
1785241318.759952447 15801637608810 8045888571680
1785241319.777374836 15802771662714 8049618492880
1785241320.795126480 15804074615864 8053348411610
1785241321.812461473 15807768553480 8055792857850
1785241322.830295668 15811494534352 8057930667450
1785241323.847893480 15814734398366 8061625929594
1785241324.865373980 15817384347048 8065351389526
1785241325.882717885 15821059556136 8069077658914
1785241326.900171813 15824790551504 8072072961260
1785241327.917306931 15828516972128 8075773476144
1785241328.934978905 15832098255868 8079501922760
1785241329.952354348 15835629869382 8083230849644
1785241330.969856471 15839389188304 8086959776854
1785241331.987400219 15843118710738 8090688704128
1785241333.004922571 15846847540500 8094417631402
1785241334.022661939 15850576361638 8098146558612
1785241335.040098224 15854306683830 8101877370226
1785241336.058083306 15858036839394 8105607623206
1785241337.075833201 15861766059964 8107742169744
1785241338.093326398 15865498979656 8107742169744
1785241339.111071369 15869226367192 8107742169744
1785241340.130012394 15872958624296 8107742169744
1785241341.147642583 15876686738040 8107742169744
1785241342.165383300 15880418013848 8107742169744
1785241343.183116806 15884148459658 8107742169744
1785241344.200887483 15887879598426 8107742169744
1785241345.218505129 15891605995156 8107742169744
1785241346.236235882 15895339394604 8107742169744
1785241347.254033854 15899067490592 8107742169744
1785241348.271759204 15902798198196 8107742169744
1785241349.289397567 15906530195144 8107742169744
1785241350.306964091 15910257018314 8107742169744
1785241351.324638596 15913986953278 8107742169744
1785241352.342590807 15917718284388 8107742169744
1785241353.360203795 15921448908232 8107742169744
1785241354.378033558 15925178863866 8107742169744
1785241355.396620796 15928910893964 8107742169744
1785241356.414325620 15932701882660 8107742169744
1785241357.449242856 15936433735310 8107742169744
1785241358.466959760 15940164926218 8107742169744
1785241359.485113838 15943894282752 8107742169744
1785241360.502814458 15947622780230 8107742169744
1785241361.520644255 15950927642660 8107742169744
1785241362.538531149 15950927642660 8107742169744
1785241363.558234486 15950927642660 8107742169744
1785241364.577746918 15950927642660 8107742169744
