1785240947.595769133 15477251689968 7832841206440
1785240948.616238238 15477251689968 7832841206440
1785240949.636004223 15480794023104 7832841206440
1785240950.655808346 15484529158220 7832841206440
1785240951.674337989 15488268379262 7832841206440
1785240952.694367128 15492002653954 7832841206440
1785240953.714404892 15495743211918 7832841206440
1785240954.734194834 15499490185742 7832841206440
1785240955.757183222 15503225270336 7832841206440
1785240956.774887366 15506953394426 7832841206440
1785240957.792657330 15510680240672 7832841206440
1785240958.810316412 15514409706226 7832841206440
1785240959.827908468 15518139741774 7832841206440
1785240960.845473006 15521869652428 7832841206440
1785240961.863175522 15525598528092 7832841206440
1785240962.881600713 15529327404260 7832841206440
1785240963.899487820 15533056280672 7832841206440
1785240964.916845909 15536789295774 7832841206440
1785240965.934546382 15540513982096 7832841206440
1785240966.952150085 15544247049248 7832841206440
1785240967.969921471 15547976078416 7832841206440
1785240968.987233970 15551700654374 7832841206440
1785240970.004620430 15555428505502 7832841206440
1785240971.021762889 15559156023138 7832841206440
1785240972.039391107 15562888328272 7832841206440
1785240973.059234582 15566625481350 7832841206440
1785240974.079113218 15570355391760 7832841206440
1785240975.097885821 15574091510206 7832841206440
1785240976.117371250 15577667441862 7833249178516
1785240977.136859234 15579147725086 7836979067082
1785240978.154447719 15579175138314 7840708328758
1785240979.172047697 15579227718194 7843823791198
1785240980.189369377 15582264210204 7845232728382
1785240981.206875660 15585993137462 7845252105058
1785240982.224374276 15589101897670 7845263024402
1785240983.241960427 15590939818272 7847643669870
1785240984.259522371 15590973870092 7851372597112
1785240985.276629470 15590978531470 7854149260146
1785240986.294238345 15592969784608 7856430902662
1785240987.311692466 15596711127840 7856494239784
1785240988.332838042 15600312601990 7856495098492
1785240989.350416599 15603722564846 7857033883402
1785240990.366996109 15604137304734 7860758671986
1785240991.384269763 15604158003334 7864381608578
1785240992.401898370 15605314022788 7867620155556
1785240993.419347319 15609042240078 7867842629094
1785240994.436751304 15612491950552 7867855213046
1785240995.454299284 15616113915414 7867855213046
1785240996.471921630 15619842729982 7867855213046
1785240997.489388492 15623571657240 7867855213046
1785240998.507075815 15627300108306 7867855213046
1785240999.524503478 15631027390540 7867855213046
1785241000.542047121 15634755503926 7867855213046
1785241001.559953922 15638485470144 7867855213046
1785241002.577287509 15642212198152 7867855213046
1785241003.594682051 15645941082098 7867855213046
1785241004.612298715 15649670009356 7867855213046
1785241005.630192678 15653399187816 7867855213046
1785241006.647738066 15657127863872 7867855213046
1785241007.665238764 15660856791130 7867855213046
1785241008.682658865 15664585718372 7867855213046
1785241009.700515615 15668314645630 7867855213046
1785241010.717986577 15672043572888 7867855213046
1785241011.735293180 15675768361488 7867855213046
1785241012.751509886 15679493150088 7867855213046
1785241013.768972634 15683221878194 7867855213046
1785241014.786444872 15686949885544 7867855213046
1785241015.804063932 15690678659126 7867855213046
1785241016.821718593 15694407577712 7867855213046
1785241017.839312520 15698135094804 7867855213046
1785241018.856719294 15701279246700 7867855213046
1785241019.874133283 15701279246700 7867855213046
1785241020.895872751 15701279246700 7867855213046
1785241021.914314925 15701279246700 7867855213046
