1785250333.903246746 19950672287524 9758434724604
1785250334.922366880 19950672287524 9758434724604
1785250335.940652262 19954124935564 9758434724604
1785250336.958326570 19957811962346 9758434724604
1785250337.974767754 19961508835322 9758434724604
1785250338.991876034 19965209158628 9758434724604
1785250340.010510213 19968786849094 9758434724604
1785250341.027799853 19972428636226 9758434724604
1785250342.045891821 19976174508794 9758434724604
1785250343.064261473 19979907436756 9758434724604
1785250344.082300006 19983637199678 9758434724604
1785250345.100090227 19987367296846 9758434724604
1785250346.117988968 19991097791408 9758434724604
1785250347.135908706 19994827442176 9758434724604
1785250348.153691415 19998558472044 9758434724604
1785250349.172012888 20002291547060 9758434724604
1785250350.190210030 20006021934300 9758434724604
1785250351.208186596 20009767009138 9758434724604
1785250352.229575164 20013496980144 9758434724604
1785250353.247427904 20017226169722 9758434724604
1785250354.265007761 20020955887590 9758434724604
1785250355.282727107 20024684823574 9758434724604
1785250356.300289732 20028412638578 9758434724604
1785250357.317728551 20032142055196 9758434724604
1785250358.335344199 20035870436386 9758434724604
1785250359.353288899 20039602018166 9758434724604
1785250360.371323089 20043331729022 9758434724604
1785250361.389453329 20047062781342 9758434724604
1785250362.407521631 20050676987290 9758434724604
1785250363.425338566 20053360386734 9759909450164
1785250364.443208093 20054865801932 9761748664808
1785250365.460979226 20056433709520 9763587862286
1785250366.478905351 20058229336680 9765403563974
1785250367.496761320 20060025027564 9767174349048
1785250368.514742265 20061820903518 9769009978356
1785250369.532353843 20063601048986 9770823855360
1785250370.550278974 20065413480232 9772643899056
1785250371.568130272 20067225463304 9774464021852
1785250372.586089232 20069037642428 9776284700956
1785250373.604371655 20070850420962 9778104280346
1785250374.621980829 20072663426764 9779923912786
1785250375.639932461 20074476194592 9781744300622
1785250376.657965792 20076288641018 9783564404894
1785250377.675802308 20078100478004 9785384340488
1785250378.693675313 20079912587686 9787203900386
1785250379.711352474 20081724262470 9789023478710
1785250380.728981585 20083536072390 9790843048378
1785250381.746982251 20085836915510 9791052246230
1785250382.765021446 20088511290710 9791052246230
1785250383.783208872 20091781150304 9791052246230
1785250384.801048249 20095543500294 9791052246230
1785250385.818900570 20099273770982 9791052246230
1785250386.837011080 20103007089476 9791052246230
1785250387.855091973 20106738727168 9791052246230
1785250388.872929106 20110471284294 9791052246230
1785250389.890755330 20114201532898 9791052246230
1785250390.908407269 20117932769940 9791052246230
1785250391.926567274 20121662353578 9791052246230
1785250392.944252153 20125395215288 9791052246230
1785250393.962392995 20129124235492 9791052246230
1785250394.979292749 20132855872220 9791052246230
1785250395.997009869 20136588822510 9791052246230
1785250397.020424031 20140340518790 9791052246230
1785250398.038794072 20144072917048 9791052246230
1785250399.056683277 20147803348630 9791052246230
1785250400.074190181 20151533580962 9791052246230
1785250401.091747072 20155265566014 9791052246230
1785250402.109471263 20158996568630 9791052246230
1785250403.127149481 20162726536110 9791052246230
1785250404.144541358 20166456379996 9791052246230
1785250405.162222801 20169603831166 9791052246230
1785250406.180487951 20169603831166 9791052246230
1785250407.199607574 20169603831166 9791052246230
1785250408.218539522 20169603831166 9791052246230
