1785246337.227653711 18097840965838 8537421057344
1785246338.249206132 18097840965838 8537421057344
1785246339.268603360 18100551247802 8537421057344
1785246340.288248062 18103447260504 8537421057344
1785246341.308239964 18106683618108 8537421057344
1785246342.327773995 18109405695890 8537421057344
1785246343.347240467 18112195469388 8537421057344
1785246344.367095989 18115960106428 8537421057344
1785246345.385604482 18119692257124 8537421057344
1785246346.403407908 18123242044638 8537421057344
1785246347.420892319 18126827613742 8537421057344
1785246348.438302543 18130480100526 8537421057344
1785246349.455633364 18134165811584 8537421057344
1785246350.475152543 18137807126144 8537421057344
1785246351.492370506 18141511472188 8537421057344
1785246352.509778925 18145182358326 8537421057344
1785246353.527467751 18148824689270 8537421057344
1785246354.544913399 18152431017000 8537421057344
1785246355.562610755 18156161594288 8537421057344
1785246356.579971839 18159889248516 8537421057344
1785246357.597458084 18163533135892 8537421057344
1785246358.615049868 18167263208484 8537421057344
1785246359.632429385 18170992606106 8537421057344
1785246360.649895249 18174722332768 8537421057344
1785246361.667758126 18178452137708 8537421057344
1785246362.685368986 18182182027842 8537421057344
1785246363.703189687 18185911840398 8537421057344
1785246364.720821741 18189641428386 8537421057344
1785246365.738438923 18193359158284 8537875246534
1785246366.755890613 18197037633102 8541613117764
1785246367.773321335 18200751017040 8545343286942
1785246368.790936372 18203391015510 8548227051064
1785246369.808149608 18204821390762 8550065422638
1785246370.825597463 18206251857854 8551743826864
1785246371.842937753 18207722875910 8553277372854
1785246372.860192125 18209545123038 8555086312670
1785246373.876669766 18211374414438 8556892180644
1785246374.892843111 18213202674306 8558702123796
1785246375.910165261 18215033070750 8560503361226
1785246376.927510905 18216863704280 8562288406028
1785246377.944988068 18218694529324 8564095730018
1785246378.962306558 18220489865232 8565876720574
1785246379.979670658 18222321336390 8567712295766
1785246380.997216066 18224152701496 8569547549264
1785246382.014435778 18225984104472 8571390130232
1785246383.034532095 18227819776092 8573222825144
1785246384.051377281 18229649303530 8574284278202
1785246385.069005353 18231477322438 8574284278202
1785246386.086614966 18233305511138 8574284278202
1785246387.104052522 18235133460652 8574284278202
1785246388.121732386 18236988360500 8574284278202
1785246389.139162197 18239189891898 8574284278202
1785246390.156694803 18241085890038 8574284278202
1785246391.174311019 18242982800512 8574284278202
1785246392.191862177 18244879008624 8574284278202
1785246393.209339606 18246774839990 8574284278202
1785246394.226751954 18248671285108 8574284278202
1785246395.244018913 18250565512550 8574284278202
1785246396.261521449 18252460715244 8574284278202
1785246397.279393887 18254357335694 8574284278202
1785246398.296936844 18256252048114 8574284278202
1785246399.314301711 18258148797224 8574284278202
1785246400.331783607 18260678680162 8574284278202
1785246401.349438756 18264335886636 8574284278202
1785246402.367338998 18267970318238 8574284278202
1785246403.385012318 18271569234850 8574284278202
1785246404.402988748 18275280623918 8574284278202
1785246405.420526008 18279009922738 8574284278202
1785246406.438148890 18282738822262 8574284278202
1785246407.455662733 18286469852536 8574284278202
1785246408.473583712 18289674994302 8574284278202
1785246409.491601018 18289674994302 8574284278202
1785246410.510685549 18289674994302 8574284278202
1785246411.536436761 18289674994302 8574284278202
