1785243222.779640523 16372421638282 8170217991842
1785243223.801283196 16372421638282 8170217991842
1785243224.821009061 16375709173110 8170217991842
1785243225.840671139 16379449431628 8170217991842
1785243226.860495787 16383187619468 8170217991842
1785243227.880043053 16386922704744 8170217991842
1785243228.899720101 16390659512006 8170217991842
1785243229.919177724 16394395977682 8170217991842
1785243230.939048633 16398127452168 8170217991842
1785243231.956672578 16401860139400 8170217991842
1785243232.974416987 16405599164036 8170217991842
1785243233.993851762 16409329075372 8170217991842
1785243235.012207655 16413057951524 8170217991842
1785243236.029858896 16416787067180 8170217991842
1785243237.047758896 16420519841868 8170217991842
1785243238.067606084 16424252767464 8170217991842
1785243239.086361589 16427987943222 8170217991842
1785243240.105539887 16431723028466 8170217991842
1785243241.125574593 16435460268282 8170217991842
1785243242.145441650 16439199405722 8170217991842
1785243243.165241136 16442934952744 8170217991842
1785243244.183877782 16446666470380 8170217991842
1785243245.202467127 16450403623198 8170217991842
1785243246.222400809 16454145949826 8170217991842
1785243247.241532740 16457874719322 8170217991842
1785243248.259153632 16461609602460 8170217991842
1785243249.276744851 16465337831146 8170217991842
1785243250.294559614 16469070770720 8170217991842
1785243251.312161861 16472801716136 8170217991842
1785243252.329817901 16476514752280 8172394567448
1785243253.347252231 16480246597266 8176124109556
1785243254.365000606 16483975983404 8179854803038
1785243255.382658091 16486029081548 8183585487864
1785243256.400443690 16486032949556 8187207423090
1785243257.418028146 16486033149330 8187581013130
1785243258.435668501 16486033343564 8187581231704
1785243259.453004278 16486033669912 8187581431494
1785243260.470987768 16486052981346 8187581956144
1785243261.486626334 16487999897916 8188235524274
1785243262.504302645 16491318934966 8191965803748
1785243263.522028433 16494810666302 8195696016840
1785243264.539554670 16498542883592 8199428268770
1785243265.557328267 16501821349712 8203157758796
1785243266.575013116 16501968175562 8204808598162
1785243267.592455850 16501968368746 8204812123796
1785243268.609824088 16501968568536 8204812336846
1785243269.627567632 16501968761704 8204812522262
1785243270.645479404 16501968961478 8204812581908
1785243271.663109629 16501977901712 8204812581908
1785243272.680913485 16504131930370 8204812581908
1785243273.698516393 16507861842210 8204812581908
1785243274.716009067 16511592789056 8204812581908
1785243275.733640468 16515321666004 8204812581908
1785243276.751309866 16519053645012 8204812581908
1785243277.768595621 16522783558038 8204812581908
1785243278.786035020 16526510365300 8204812581908
1785243279.804049637 16530242345380 8204812581908
1785243280.821848749 16533975961292 8204812581908
1785243281.839557339 16537704235448 8204812581908
1785243282.857464605 16541437250518 8204812581908
1785243283.878732512 16545180610608 8204812581908
1785243284.896502984 16548912590396 8204812581908
1785243285.914217820 16552641834670 8204812581908
1785243286.931623279 16556371242170 8204812581908
1785243287.949113250 16560099493042 8204812581908
1785243288.966921737 16563829188580 8204812581908
1785243289.984258402 16567559047650 8204812581908
1785243291.001774944 16571284827446 8204812581908
1785243292.019099636 16575014196118 8204812581908
1785243293.036525653 16578745087478 8204812581908
1785243294.054090439 16582090986672 8204812581908
1785243295.071662918 16582090986672 8204812581908
1785243296.089909400 16582090986672 8204812581908
1785243297.108410297 16582090986672 8204812581908
