1785243517.791947725 16582090986672 8204812581908
1785243518.813053811 16582090986672 8204812581908
1785243519.838252451 16585627542636 8204812581908
1785243520.862140943 16589384354486 8204812581908
1785243521.881821087 16593121508344 8204812581908
1785243522.901219228 16596861652514 8204812581908
1785243523.922566597 16600602622124 8204812581908
1785243524.943085093 16604342660746 8204812581908
1785243525.963355872 16608080468162 8204812581908
1785243526.983196859 16611815552756 8204812581908
1785243528.000867637 16615548985242 8204812581908
1785243529.018589509 16619279512348 8204812581908
1785243530.036105969 16623009423522 8204812581908
1785243531.054774993 16626735195940 8204812581908
1785243532.070999391 16630466142006 8204812581908
1785243533.087640168 16634192766306 8204812581908
1785243534.104687386 16637920789682 8204812581908
1785243535.122377092 16641648926480 8204812581908
1785243536.139839250 16645378543936 8204812581908
1785243537.157339307 16649109117600 8204812581908
1785243538.174858936 16652840434800 8204812581908
1785243539.192800925 16656568548356 8204812581908
1785243540.210673241 16660304395692 8204812581908
1785243541.228357929 16664031765104 8204812581908
1785243542.246077418 16667763182254 8204812581908
1785243543.263623357 16671489988914 8204812581908
1785243544.281260301 16675217830044 8204812581908
1785243545.298832513 16678952230394 8204812581908
1785243546.316835017 16682678687300 8204812581908
1785243547.334639575 16686409145434 8206670834470
1785243548.352203846 16690137977460 8210399978290
1785243549.369788120 16693866999950 8214129979148
1785243550.387404024 16697595927192 8217857746230
1785243551.404857783 16701325832932 8221590188640
1785243552.422865695 16705057920366 8225321055404
1785243553.440649439 16708790440810 8229052675302
1785243554.458566653 16712520459110 8232782789916
1785243555.476169477 16716251066032 8236514668444
1785243556.493764942 16719980945658 8240243258070
1785243557.510377500 16723707604500 8243970176640
1785243558.528103734 16727439302334 8247701450202
1785243559.545717703 16731169214550 8251432533462
1785243560.563530840 16734900464308 8255163226944
1785243561.581122139 16738629633998 8258892370618
1785243562.598819227 16742359608856 8262623367286
1785243563.616693443 16746090224564 8266353506656
1785243564.634167287 16749819809822 8270083057290
1785243565.651601602 16753549135336 8270580120108
1785243566.669355523 16757279456546 8270580120108
1785243567.687101299 16761009527864 8270580120108
1785243568.704349169 16764738185624 8270580120108
1785243569.721633752 16768467389938 8270580120108
1785243570.747775929 16772228274778 8270580120108
1785243571.765199734 16775957202052 8270580120108
1785243572.786257565 16779701610148 8270580120108
1785243573.803974165 16783429378222 8270580120108
1785243574.820439216 16787156258458 8270580120108
1785243575.838139109 16790890307770 8270580120108
1785243576.857459741 16794625391324 8270580120108
1785243577.876834984 16798362545328 8270580120108
1785243578.895320959 16802093491004 8270580120108
1785243579.914277657 16805828573924 8270580120108
1785243580.932088697 16809558485358 8270580120108
1785243581.950852089 16813292535060 8270580120108
1785243582.970050233 16817026584664 8270580120108
1785243583.987386373 16820756494148 8270580120108
1785243585.005132164 16824484336204 8270580120108
1785243586.023117018 16828216522530 8270580120108
1785243587.040591941 16831945612608 8270580120108
1785243588.058316332 16835676137836 8270580120108
1785243589.075940004 16838811299110 8270580120108
1785243590.093793813 16838811299110 8270580120108
1785243591.112088513 16838811299110 8270580120108
1785243592.130567970 16838811299110 8270580120108
