1785246591.476011385 18289674994302 8574284278202
1785246592.496557168 18289674994302 8574284278202
1785246593.520350752 18292908338468 8574284278202
1785246594.540657924 18296619152780 8574284278202
1785246595.561073581 18300359029800 8574284278202
1785246596.581260748 18304035323254 8574284278202
1785246597.601248851 18307642958490 8574284278202
1785246598.618847747 18311248022400 8574284278202
1785246599.640059453 18314860009626 8574284278202
1785246600.660967227 18318466600866 8574284278202
1785246601.681820246 18322069383522 8574284278202
1785246602.701748866 18325668754686 8574284278202
1785246603.720228371 18329320112964 8574284278202
1785246604.740199212 18332941570834 8574284278202
1785246605.758020386 18336535777348 8574284278202
1785246606.775948703 18340130555334 8574284278202
1785246607.793983938 18343729684082 8574284278202
1785246608.811939788 18347329258678 8574284278202
1785246609.829797220 18350923694672 8574284278202
1785246610.847732051 18354518178258 8574284278202
1785246611.865234992 18358146380428 8574284278202
1785246612.883048708 18361779647672 8574284278202
1785246613.900910440 18365427481850 8574284278202
1785246614.918535038 18369039549836 8574284278202
1785246615.936263096 18372648081046 8574284278202
1785246616.954073888 18376324170738 8574284278202
1785246617.971752237 18379945888108 8574284278202
1785246618.989741277 18383545055662 8574284278202
1785246620.007519957 18387138822918 8574284278202
1785246621.025085433 18390814138430 8576399538162
1785246622.043230061 18394500119776 8580130451916
1785246623.061192293 18398239577372 8583861833726
1785246624.079134144 18400220765244 8586379330180
1785246625.099737687 18401651877482 8588031462760
1785246626.117601625 18403083037344 8589418500388
1785246627.135632208 18404639840084 8590947497806
1785246628.153544332 18406436602404 8592773582748
1785246629.171357489 18408233243638 8594599818104
1785246630.189216797 18410028687762 8596424855300
1785246631.206557433 18411825228224 8598250697680
1785246632.224193352 18413621501482 8600076479582
1785246633.241991675 18415418017058 8601902470358
1785246634.259750562 18417214541404 8603728622254
1785246635.277542008 18419011253952 8605554930120
1785246636.295572379 18420807956876 8607380878698
1785246637.313280501 18422604441058 8609207102006
1785246638.331255729 18424401254378 8611033346018
1785246639.349212356 18426195196350 8611166717084
1785246640.366931379 18427988743442 8611166717084
1785246641.384505682 18429781968954 8611166717084
1785246642.402190008 18431575953124 8611166717084
1785246643.420356978 18433650317030 8611166717084
1785246644.438589176 18435614494766 8611166717084
1785246645.456672002 18438258713898 8611166717084
1785246646.474788832 18441739583202 8611166717084
1785246647.492794203 18445476610670 8611166717084
1785246648.510409050 18449205360188 8611166717084
1785246649.528115842 18452935321834 8611166717084
1785246650.546051480 18456665941334 8611166717084
1785246651.563475201 18460394205760 8611166717084
1785246652.581124142 18464123180252 8611166717084
1785246653.598680733 18467853918774 8611166717084
1785246654.616272751 18471584276336 8611166717084
1785246655.633709139 18475310513504 8611166717084
1785246656.651354943 18479052975448 8611166717084
1785246657.672612738 18482783124178 8611166717084
1785246658.690304244 18486512727452 8611166717084
1785246659.707803741 18490241449702 8611166717084
1785246660.725729909 18493971841904 8611166717084
1785246661.743914267 18497703679458 8611166717084
1785246662.762474935 18500929949734 8611166717084
1785246663.781206487 18500929949734 8611166717084
1785246664.799770927 18500929949734 8611166717084
1785246665.818399062 18500929949734 8611166717084
