1785243757.567688186 16838811299110 8270580120108
1785243758.591071193 16838811299110 8270580120108
1785243759.612176244 16842145313146 8270580120108
1785243760.632925260 16845885938860 8270580120108
1785243761.652622863 16849622274794 8270580120108
1785243762.672691046 16853359169142 8270580120108
1785243763.692937728 16857098822434 8270580120108
1785243764.713128809 16860838912258 8270580120108
1785243765.732385044 16864571454054 8270580120108
1785243766.750582150 16868304945290 8270580120108
1785243767.768315555 16872031916950 8270580120108
1785243768.784892246 16875762698520 8270580120108
1785243769.802122454 16879487437200 8270580120108
1785243770.819686225 16883219417784 8270580120108
1785243771.836146957 16886944156334 8270580120108
1785243772.853304733 16890671998894 8270580120108
1785243773.870917479 16894403533208 8270580120108
1785243774.888298913 16898132704004 8270580120108
1785243775.906041252 16901862767730 8270580120108
1785243776.923613514 16905587506540 8270580120108
1785243777.941356615 16909319487124 8270580120108
1785243778.958968407 16913049399744 8270580120108
1785243779.976607772 16916779851640 8270580120108
1785243780.994106547 16920507027706 8270580120108
1785243782.011748692 16924232924612 8270580120108
1785243783.027773037 16927959541556 8270580120108
1785243784.045633813 16931691712994 8270580120108
1785243785.063486330 16935420634882 8270580120108
1785243786.081541347 16939155267494 8270580120108
1785243787.099649423 16942880802260 8272696466274
1785243788.117607896 16946609729502 8276425393532
1785243789.135111768 16950339548666 8280154320774
1785243790.152670082 16954067584018 8283883620450
1785243791.170534890 16957799081748 8287614573676
1785243792.188394564 16961529378040 8291345007414
1785243793.206337077 16965259000216 8295074168448
1785243794.224012603 16968988860382 8298803139002
1785243795.241854080 16972718618808 8302532022948
1785243796.259450042 16976447217058 8306260950206
1785243797.276966214 16980178118332 8309991202250
1785243798.294761939 16983907565192 8313722943364
1785243799.312538115 16987638568206 8317452696510
1785243800.330231099 16991369263852 8321183248234
1785243801.347883429 16995098199766 8324913863780
1785243802.365582243 16998827127024 8328642791038
1785243803.383259405 17002556054266 8332371718312
1785243804.401035652 17006285353942 8336101121876
1785243805.418775115 17010016324496 8336400787826
1785243806.436588753 17013746974682 8336400787826
1785243807.454844979 17017480040598 8336400787826
1785243808.474101187 17021213340404 8336400787826
1785243809.491597264 17024942033756 8336400787826
1785243810.509072699 17028670961014 8336400787826
1785243811.526579184 17032399888272 8336400787826
1785243812.543977191 17036131890940 8336400787826
1785243813.561404129 17039860766198 8336400787826
1785243814.578977036 17043588607344 8336400787826
1785243815.596440669 17047320586498 8336400787826
1785243816.614282307 17051047393516 8336400787826
1785243817.631857417 17054777917808 8336400787826
1785243818.649383215 17058508250024 8336400787826
1785243819.666837331 17062236092064 8336400787826
1785243820.684353905 17065962916914 8336400787826
1785243821.702136138 17069696948150 8336400787826
1785243822.720425793 17073425824692 8336400787826
1785243823.738489922 17077157804772 8336400787826
1785243824.756222902 17080887715686 8336400787826
1785243825.776575209 17084622800134 8336400787826
1785243826.794198998 17088350642726 8336400787826
1785243827.811870071 17092080554550 8336400787826
1785243828.829448445 17095442298888 8336400787826
1785243829.847163904 17095442298888 8336400787826
1785243830.865605883 17095442298888 8336400787826
1785243831.884626448 17095442298888 8336400787826
