1785248440.683899087 19233930813746 9409270824530
1785248441.704209918 19233930813746 9409270824530
1785248442.724182694 19236942921346 9409270824530
1785248443.744459921 19240671419018 9409270824530
1785248444.764666695 19244382028426 9409270824530
1785248445.785661399 19248106430010 9409270824530
1785248446.806503635 19251820758164 9409270824530
1785248447.826324409 19255465782540 9409270824530
1785248448.846190397 19259165166096 9409270824530
1785248449.865629214 19262919770890 9409270824530
1785248450.885006980 19266656985198 9409270824530
1785248451.904511906 19270390005380 9409270824530
1785248452.923186281 19274124589736 9409270824530
1785248453.950010291 19277888599500 9409270824530
1785248454.970169424 19281625177968 9409270824530
1785248455.989278302 19285356850376 9409270824530
1785248457.006743082 19289086477570 9409270824530
1785248458.024425097 19292814722074 9409270824530
1785248459.041953701 19296543307302 9409270824530
1785248460.059505811 19300272349162 9409270824530
1785248461.077220528 19304004280534 9409270824530
1785248462.094789907 19307733795266 9409270824530
1785248463.112210199 19311462662506 9409270824530
1785248464.129680348 19315192309466 9409270824530
1785248465.146640881 19318919722520 9409270824530
1785248466.164116280 19322647897624 9409270824530
1785248467.181781269 19326378758658 9409270824530
1785248468.199223057 19330108257826 9409270824530
1785248469.216519216 19333745609868 9409270824530
1785248470.233980367 19336323004502 9410821440818
1785248471.251140457 19337760880678 9412659215952
1785248472.268147572 19339361350872 9414489500966
1785248473.285413540 19341187026576 9416228790380
1785248474.302890041 19343012516274 9417999495402
1785248475.319873626 19344837365008 9419833857108
1785248476.337138558 19346663021252 9421668563084
1785248477.354378057 19348467635404 9423487186314
1785248478.375703612 19350268581134 9425281285208
1785248479.393126246 19352064197230 9427077032372
1785248480.410202405 19353859630550 9428871697296
1785248481.427641275 19355655362550 9430666550390
1785248482.444953052 19357450807772 9432462067040
1785248483.461925250 19359247018144 9434256557730
1785248484.479230939 19361042619222 9436051035290
1785248485.496329725 19362837868538 9437845638508
1785248486.513545446 19364633291038 9439640390008
1785248487.530897486 19366429119368 9441435237822
1785248488.548268257 19368321966004 9441574463290
1785248489.565427581 19370264250922 9441574463290
1785248490.582912545 19372846720238 9441574463290
1785248491.600120254 19376523468898 9441574463290
1785248492.617774914 19380196190492 9441574463290
1785248493.635639808 19383875055704 9441574463290
1785248494.653346114 19387448329358 9441574463290
1785248495.670691434 19391045583520 9441574463290
1785248496.688214541 19394644963226 9441574463290
1785248497.705556040 19398244606988 9441574463290
1785248498.723019145 19401844324342 9441574463290
1785248499.740291047 19405554275886 9441574463290
1785248500.757759182 19409284133888 9441574463290
1785248501.775088139 19413010515950 9441574463290
1785248502.792385878 19416737759086 9441574463290
1785248503.809714706 19420466669308 9441574463290
1785248504.827164507 19424193706946 9441574463290
1785248505.844595875 19427923143750 9441574463290
1785248506.862550767 19431652072568 9441574463290
1785248507.880165896 19435383070146 9441574463290
1785248508.897771195 19439111997502 9441574463290
1785248509.915198931 19442839912028 9441574463290
1785248510.932692053 19446568818052 9441574463290
1785248511.951242894 19450218169926 9441574463290
1785248512.968619518 19450218169926 9441574463290
1785248513.986928839 19450218169926 9441574463290
1785248515.005060658 19450218169926 9441574463290
