1785244411.172508942 17505247536912 8437609469854
1785244412.193566069 17505247536912 8437609469854
1785244413.213941091 17508743958640 8437609469854
1785244414.233127098 17512482146074 8437609469854
1785244415.253063056 17516219299558 8437609469854
1785244416.273280875 17519956453156 8437609469854
1785244417.293098525 17523696710260 8437609469854
1785244418.312862175 17527430759312 8437609469854
1785244419.329519084 17531156361792 8437609469854
1785244420.346729438 17534882304132 8437609469854
1785244421.364458354 17538610146172 8437609469854
1785244422.382221457 17542341091880 8437609469854
1785244423.400152550 17546072037020 8437609469854
1785244424.417989561 17549801355276 8437609469854
1785244425.435927915 17553533927738 8437609469854
1785244426.453823442 17557265890334 8437609469854
1785244427.471432486 17561007200058 8437609469854
1785244428.492390442 17564736075560 8437609469854
1785244429.510148745 17568458744212 8437609469854
1785244430.526828792 17572189118090 8437609469854
1785244431.544672119 17575922704324 8437609469854
1785244432.562548483 17579651123760 8437609469854
1785244433.580295992 17583380282842 8437609469854
1785244434.598105466 17587112436058 8437609469854
1785244435.615563285 17590840277594 8437609469854
1785244436.633214198 17594566739114 8437609469854
1785244437.651329208 17598298925888 8437609469854
1785244438.669267687 17602031010506 8437609469854
1785244439.687280771 17605757852440 8437609469854
1785244440.705057973 17609487589358 8439793416804
1785244441.722668533 17613216516730 8443523647240
1785244442.740480231 17616946664886 8447256444610
1785244443.758403026 17619257076860 8450985371852
1785244444.776106089 17619273640318 8454715883672
1785244445.794242751 17619273833486 8455399432348
1785244446.812065710 17619274034358 8455399690654
1785244447.830019538 17619274240754 8455399882740
1785244448.847894095 17619286476558 8455400135376
1785244449.865691386 17621326267240 8455553088376
1785244450.882194908 17625050152476 8458994708264
1785244451.899970106 17628779980166 8462724899586
1785244452.917946498 17632511279712 8466456519500
1785244453.936028250 17634925941128 8470185446726
1785244454.953854686 17634929779550 8473913309186
1785244455.971451315 17634929975948 8474362096726
1785244456.989115266 17634930171296 8474362355610
1785244458.007361611 17634930371086 8474362554344
1785244459.025910001 17634930563140 8474362607076
1785244460.044936575 17634940455940 8474362607076
1785244461.064699985 17635211346298 8474362607076
1785244462.083328041 17635515342372 8474362607076
1785244463.101765039 17637086975892 8474362607076
1785244464.119398129 17640815348558 8474362607076
1785244465.136787784 17644544091810 8474362607076
1785244466.154232535 17648269485114 8474362607076
1785244467.171796056 17652000643186 8474362607076
1785244468.189395123 17655725560158 8474362607076
1785244469.206710650 17659454322774 8474362607076
1785244470.224223598 17663181626648 8474362607076
1785244471.241882174 17666912177290 8474362607076
1785244472.259211883 17670641104532 8474362607076
1785244473.276644491 17674373815472 8474362607076
1785244474.294292657 17678103097706 8474362607076
1785244475.311758299 17681835841300 8474362607076
1785244476.329209901 17685565022078 8474362607076
1785244477.346818883 17689296233142 8474362607076
1785244478.364385756 17693023321316 8474362607076
1785244479.381864120 17696755226950 8474362607076
1785244480.399282887 17700484679578 8474362607076
1785244481.418179120 17704221159028 8474362607076
1785244482.435986885 17707413179490 8474362607076
1785244483.454442679 17707413179490 8474362607076
1785244484.473186548 17707413179490 8474362607076
1785244485.492002363 17707413179490 8474362607076
