1785243905.816159980 17095442298888 8336400787826
1785243906.836862508 17095442298888 8336400787826
1785243907.857225901 17098838372160 8336400787826
1785243908.877392609 17102575847322 8336400787826
1785243909.897650954 17106314466154 8336400787826
1785243910.918215576 17110056965820 8336400787826
1785243911.939764438 17113801188284 8336400787826
1785243912.959904023 17117537307136 8336400787826
1785243913.982480525 17121282737904 8336400787826
1785243915.001057533 17125014718228 8336400787826
1785243916.019387073 17128740490760 8336400787826
1785243917.037151746 17132472471068 8336400787826
1785243918.054967557 17136203418320 8336400787826
1785243919.072904314 17139931271946 8336400787826
1785243920.090949115 17143660192184 8336400787826
1785243921.108739230 17147391152620 8336400787826
1785243922.129990062 17151134599350 8336400787826
1785243923.147618768 17154863526608 8336400787826
1785243924.165338280 17158592453850 8336400787826
1785243925.183512316 17162323833610 8336400787826
1785243926.201282165 17166052810656 8336400787826
1785243927.219092928 17169783374266 8336400787826
1785243928.236824512 17173512301524 8336400787826
1785243929.255153043 17177244302496 8336400787826
1785243930.273065137 17180974164810 8336400787826
1785243931.291098099 17184703383336 8336400787826
1785243932.308904811 17188433058416 8336400787826
1785243933.326682531 17192161860260 8336400787826
1785243934.344177556 17195876499590 8336400787826
1785243935.362031711 17199411946444 8338779646838
1785243936.379831251 17202733148926 8342509608354
1785243937.397673565 17205955126408 8346238534426
1785243938.415404527 17207443569892 8349968098992
1785243939.433100801 17208794158426 8353697995962
1785243940.451094303 17210145154938 8357427799946
1785243941.469016343 17211495956658 8361157131984
1785243942.486766594 17212846537618 8364887219386
1785243943.504642857 17214516547900 8368618302484
1785243944.522591833 17216248208552 8372346926734
1785243945.540300660 17217983489602 8376081863958
1785243946.560007489 17219700522550 8379811119142
1785243947.577835548 17221455050174 8383540132976
1785243948.595540676 17223209514928 8387268506106
1785243949.613238550 17224964085734 8390999079470
1785243950.631472042 17226719538692 8394730118320
1785243951.649362585 17228474242600 8398459810728
1785243952.667045569 17230228697616 8402189287786
1785243953.684460104 17231986063998 8402396330826
1785243954.702396903 17233744099216 8402396330826
1785243955.720023990 17235501896330 8402396330826
1785243956.737663696 17237259692248 8402396330826
1785243957.755260630 17239017498018 8402396330826
1785243958.772907908 17240775409840 8402396330826
1785243959.790821155 17243272457314 8402396330826
1785243960.808368778 17246571408740 8402396330826
1785243961.826184127 17249985189058 8402396330826
1785243962.843587955 17253398157668 8402396330826
1785243963.861143869 17256811859114 8402396330826
1785243964.878753268 17260226131838 8402396330826
1785243965.896790786 17263640245606 8402396330826
1785243966.916469032 17267056004544 8402396330826
1785243967.935539559 17270472346808 8402396330826
1785243968.954355445 17273887659834 8402396330826
1785243969.973750009 17277302735724 8402396330826
1785243970.992161727 17280718605058 8402396330826
1785243972.011370514 17284134075958 8402396330826
1785243973.029447331 17287549290262 8402396330826
1785243974.047389219 17290963674594 8402396330826
1785243975.064921260 17294400599720 8402396330826
1785243976.089503894 17297906232758 8402396330826
1785243977.107993255 17301092304974 8402396330826
1785243978.130137923 17301092304974 8402396330826
1785243979.148816877 17301092304974 8402396330826
1785243980.167495247 17301092304974 8402396330826
