1785244204.280238503 17301092304974 8402396330826
1785244205.301115970 17301092304974 8402396330826
1785244206.321095317 17304478391878 8402396330826
1785244207.341707684 17308217269674 8402396330826
1785244208.361575168 17311957966572 8402396330826
1785244209.381615514 17315690692684 8402396330826
1785244210.400601304 17319427100478 8402396330826
1785244211.420902473 17323165182240 8402396330826
1785244212.440965995 17326905122222 8402396330826
1785244213.460932516 17330645723612 8402396330826
1785244214.480902502 17334382877502 8402396330826
1785244215.500896802 17338119713604 8402396330826
1785244216.520884588 17341858804170 8402396330826
1785244217.540643743 17345590684600 8402396330826
1785244218.558287361 17349321145298 8402396330826
1785244219.575796308 17353046917976 8402396330826
1785244220.591498900 17356774582536 8402396330826
1785244221.609162082 17360502602104 8402396330826
1785244222.627061228 17364232513798 8402396330826
1785244223.645176558 17367965528624 8402396330826
1785244224.664815273 17371698543434 8402396330826
1785244225.683986313 17375445011954 8402396330826
1785244226.705249379 17379175963902 8402396330826
1785244227.722826227 17382906926218 8402396330826
1785244228.739584054 17386634071062 8402396330826
1785244229.757216164 17390365771930 8402396330826
1785244230.775049637 17394096759092 8402396330826
1785244231.792710163 17397826287982 8402396330826
1785244232.810398512 17401558750950 8402396330826
1785244233.828453929 17405293106898 8404457775262
1785244234.847210886 17409025852446 8408202091534
1785244235.868633461 17412771654672 8411935968076
1785244236.888579655 17414668459882 8415673527610
1785244237.906695057 17414672934752 8419140838668
1785244238.924442311 17414673130084 8419268996754
1785244239.942560782 17414673323236 8419269208722
1785244240.963301511 17414673529950 8419269401906
1785244241.980986302 17414679253462 8419270058904
1785244242.999022883 17416342451742 8419869359120
1785244244.016837334 17420071266570 8423599505418
1785244245.034359919 17423803682996 8427330536564
1785244246.052375889 17427532610254 8431060632768
1785244247.070074370 17430129031762 8434791915002
1785244248.087740371 17430135353488 8437597635984
1785244249.105584218 17430135562366 8437609019446
1785244250.123704566 17430135751060 8437609224776
1785244251.141685504 17430135949768 8437609416878
1785244252.159463880 17430136142936 8437609469854
1785244253.177102768 17430136947242 8437609469854
1785244254.195240365 17430370524116 8437609469854
1785244255.213400848 17431664008802 8437609469854
1785244256.231710013 17434891268862 8437609469854
1785244257.249741473 17438635664494 8437609469854
1785244258.271441299 17442370297710 8437609469854
1785244259.289113839 17446100658458 8437609469854
1785244260.307106267 17449833673414 8437609469854
1785244261.324967862 17453555307694 8437609469854
1785244262.341044325 17457287287612 8437609469854
1785244263.358787760 17461015127962 8437609469854
1785244264.376308823 17464750212442 8437609469854
1785244265.394100989 17468480123356 8437609469854
1785244266.411757894 17472211069568 8437609469854
1785244267.429604016 17475938910568 8437609469854
1785244268.447233880 17479666956218 8437609469854
1785244269.464831085 17483399766686 8437609469854
1785244270.482880927 17487130710412 8437609469854
1785244271.500581062 17490862691890 8437609469854
1785244272.518387104 17494590671132 8437609469854
1785244273.536437581 17498320648714 8437609469854
1785244274.554049058 17502052425574 8437609469854
1785244275.571757816 17505247536912 8437609469854
1785244276.589583898 17505247536912 8437609469854
1785244277.608623175 17505247536912 8437609469854
1785244278.627335754 17505247536912 8437609469854
