1785244633.391560525 17707413179490 8474362607076
1785244634.413571546 17707413179490 8474362607076
1785244635.433481075 17710909259632 8474362607076
1785244636.453849814 17714646990948 8474362607076
1785244637.473926205 17718386129840 8474362607076
1785244638.494308055 17722123708344 8474362607076
1785244639.514143126 17725862888660 8474362607076
1785244640.533892356 17729600694156 8474362607076
1785244641.553364304 17733330604436 8474362607076
1785244642.570973487 17737061549868 8474362607076
1785244643.588475081 17740788356366 8474362607076
1785244644.606021852 17744521371598 8474362607076
1785244645.623685612 17748248398888 8474362607076
1785244646.641317909 17751979707936 8474362607076
1785244647.659092383 17755710895742 8474362607076
1785244648.676539074 17759435842516 8474362607076
1785244649.694110206 17763167825440 8474362607076
1785244650.711643180 17766896101864 8474362607076
1785244651.729404188 17770624545598 8474362607076
1785244652.746870111 17774352388840 8474362607076
1785244653.764306472 17778080102366 8474362607076
1785244654.781745442 17781822558808 8474362607076
1785244655.802411983 17785553505410 8474362607076
1785244656.820032882 17789279278852 8474362607076
1785244657.837188239 17793007122598 8474362607076
1785244658.854887739 17796737034016 8474362607076
1785244659.872789591 17800466946392 8474362607076
1785244660.890475851 17804200997134 8474362607076
1785244661.907940699 17807928839076 8474362607076
1785244662.925641799 17811651387312 8476538270478
1785244663.942789194 17815378461754 8480262790564
1785244664.958764717 17819104237362 8483991717838
1785244665.976006674 17821095583974 8485888739782
1785244666.993061628 17821101263118 8486047704536
1785244668.010369887 17821101457384 8486060722806
1785244669.027754515 17821101656092 8486060970048
1785244670.044961836 17821118844322 8486106172052
1785244671.061313843 17823819590700 8489199338952
1785244672.077715165 17827546691110 8492925209938
1785244673.094985238 17831275320738 8496653054810
1785244674.112181710 17835002233800 8500002387896
1785244675.129281138 17836906797598 8500107458956
1785244676.146441162 17836909012392 8500107665368
1785244677.163491091 17836909211084 8500107852980
1785244678.180713901 17836909411956 8500108065754
1785244679.197940474 17836909625006 8500108257076
1785244680.215032840 17837020707004 8500181057690
1785244681.232627506 17840474842294 8500292983814
1785244682.251297773 17844207857234 8500292983814
1785244683.269592510 17847932691162 8500292983814
1785244684.287104203 17851663637244 8500292983814
1785244685.304969916 17855308351084 8500292983814
1785244686.322759238 17855772403300 8500292983814
1785244687.340456886 17855772827188 8500292983814
1785244688.358003035 17855773032534 8500292983814
1785244689.375597113 17855773224620 8500292983814
1785244690.392938336 17855773595964 8500292983814
1785244691.410606271 17855801463554 8500292983814
1785244692.428357778 17858557845322 8500292983814
1785244693.446421556 17862286723180 8500292983814
1785244694.464004334 17866016635134 8500292983814
1785244695.480568431 17869739303900 8500292983814
1785244696.498037197 17873470250908 8500292983814
1785244697.515717336 17877198092704 8500292983814
1785244698.533332654 17880921795046 8500292983814
1785244699.550049016 17884651705846 8500292983814
1785244700.568326389 17888384720770 8500292983814
1785244701.586379170 17892112562062 8500292983814
1785244702.604253469 17895841438084 8500292983814
1785244703.622101530 17899571466422 8500292983814
1785244704.640048175 17902818258010 8500292983814
1785244705.660247925 17902818258010 8500292983814
1785244706.678212943 17902818258010 8500292983814
1785244707.696982774 17902818258010 8500292983814
