1785245286.067608758 17902818258010 8500292983814
1785245287.087964280 17902818258010 8500292983814
1785245288.107735067 17905555828440 8500292983814
1785245289.127326430 17908501522704 8500292983814
1785245290.146502083 17911469495386 8500292983814
1785245291.165402980 17913848316050 8500292983814
1785245292.187769379 17916122313566 8500292983814
1785245293.207471524 17919863610876 8500292983814
1785245294.226979398 17923597528902 8500292983814
1785245295.246371728 17927331503982 8500292983814
1785245296.265363240 17931061366426 8500292983814
1785245297.282783318 17934789592242 8500292983814
1785245298.300116123 17938518519500 8500292983814
1785245299.317551257 17942246156710 8500292983814
1785245300.334766652 17945975257120 8500292983814
1785245301.351983414 17949703803418 8500292983814
1785245302.369672395 17953434228500 8500292983814
1785245303.387383732 17957163155774 8500292983814
1785245304.404883120 17960892083032 8500292983814
1785245305.422576363 17964621010290 8500292983814
1785245306.439914892 17968349937532 8500292983814
1785245307.457623126 17972078864790 8500292983814
1785245308.474959207 17975807792048 8500292983814
1785245309.492182958 17979534476874 8500292983814
1785245310.509346604 17983261507890 8500292983814
1785245311.526669889 17986990435148 8500292983814
1785245312.544055030 17990717757172 8500292983814
1785245313.561671227 17994445765588 8500292983814
1785245314.579330496 17998169138726 8500686974542
1785245315.596592287 18001665766404 8504415810858
1785245316.613959051 18005182145372 8508142693418
1785245317.630997385 18008728331648 8511869994544
1785245318.648299922 18009005826524 8515600471578
1785245319.665904311 18009006016316 8517198934778
1785245320.683754747 18009006214992 8517201391640
1785245321.701882458 18009006415880 8517201590364
1785245322.720383120 18009008558546 8517201855308
1785245323.737981420 18009322102544 8517252941020
1785245324.755262875 18010975727554 8520156944988
1785245325.774093679 18013280302992 8523885055064
1785245326.791371953 18016788631064 8527612832184
1785245327.808664115 18020459984330 8531340114984
1785245328.826202755 18021935531918 8535067925232
1785245329.843496645 18021936220100 8537415139674
1785245330.860975230 18021936414350 8537420706282
1785245331.878305536 18021936613042 8537420904974
1785245332.896088949 18021936813914 8537421057344
1785245333.913582033 18021936999378 8537421057344
1785245334.930956086 18021941644782 8537421057344
1785245335.948101972 18022429897164 8537421057344
1785245336.965515626 18023760705408 8537421057344
1785245337.982810529 18027438615818 8537421057344
1785245339.000061024 18031165417572 8537421057344
1785245340.017183760 18034895522758 8537421057344
1785245341.034501261 18038626467134 8537421057344
1785245342.051845480 18042351204790 8537421057344
1785245343.069215843 18046083183944 8537421057344
1785245344.086414996 18049808955940 8537421057344
1785245345.103962110 18053538866870 8537421057344
1785245346.121507687 18057269058996 8537421057344
1785245347.138713912 18060993516480 8537421057344
1785245348.156211441 18064740765310 8537421057344
1785245349.180941717 18068480109128 8537421057344
1785245350.198161188 18072208081576 8537421057344
1785245351.215276867 18075933797812 8537421057344
1785245352.232421575 18079663765542 8537421057344
1785245353.249594120 18083391316892 8537421057344
1785245354.266753063 18087115309030 8537421057344
1785245355.283876369 18090846256412 8537421057344
1785245356.301223474 18094572531422 8537421057344
1785245357.318541301 18097840965838 8537421057344
1785245358.335978249 18097840965838 8537421057344
1785245359.354617171 18097840965838 8537421057344
1785245360.372943072 18097840965838 8537421057344
