1785249995.515384647 19591385811562 9583581916418
1785249996.534508057 19591385811562 9583581916418
1785249997.553474780 19594788325430 9583581916418
1785249998.571729899 19598519904004 9583581916418
1785249999.589585480 19602251489608 9583581916418
1785250000.608515818 19605988658632 9583581916418
1785250001.628947523 19609730475440 9583581916418
1785250002.647038891 19613462184958 9583581916418
1785250003.664913134 19617194760674 9583581916418
1785250004.682960475 19620925968812 9583581916418
1785250005.700906440 19624659082320 9583581916418
1785250006.718575568 19628388957894 9583581916418
1785250007.736259349 19632119564036 9583581916418
1785250008.754043580 19635846135554 9583581916418
1785250009.771842340 19639577837326 9583581916418
1785250010.789436562 19643309287376 9583581916418
1785250011.807057134 19647040194966 9583581916418
1785250012.824733464 19650770345516 9583581916418
1785250013.842535623 19654501840662 9583581916418
1785250014.860164690 19658233507186 9583581916418
1785250015.877979333 19661964114536 9583581916418
1785250016.895732680 19665696264306 9583581916418
1785250017.913594996 19669427271878 9583581916418
1785250018.931177294 19673156478196 9583581916418
1785250019.948634061 19676887009690 9583581916418
1785250020.966427082 19680618527818 9583581916418
1785250021.984340882 19684348815742 9583581916418
1785250023.002031782 19688079433422 9583581916418
1785250024.019542008 19691810301686 9583581916418
1785250025.037332872 19694447253738 9584798366748
1785250026.055288319 19696160183880 9586609370402
1785250027.072911601 19697792005894 9588445190012
1785250028.090581223 19699604538880 9590304447016
1785250029.108329788 19701417025194 9592116732030
1785250030.126053740 19703229532098 9593928505162
1785250031.143531835 19705041400462 9595740470938
1785250032.161246665 19706853973498 9597552789624
1785250033.179029235 19708666779098 9599364832254
1785250034.196772842 19710478971044 9601177001462
1785250035.214511513 19712273227006 9602970688050
1785250036.232119941 19714083336720 9604781393106
1785250037.250575213 19715894495246 9606590995234
1785250038.267616753 19717703431800 9608401285674
1785250039.285259124 19719513336968 9610211432208
1785250040.302900719 19721323307056 9612021453150
1785250041.320575412 19723133264160 9613831499124
1785250042.338217987 19724943107768 9615641464900
1785250043.355824733 19727259575208 9615868986698
1785250044.373291327 19729882517552 9615868986698
1785250045.391115936 19733158678974 9615868986698
1785250046.408687722 19736764060796 9615868986698
1785250047.426254169 19740439029182 9615868986698
1785250048.443740087 19744050517202 9615868986698
1785250049.461446656 19747693463964 9615868986698
1785250050.478973743 19751323514622 9615868986698
1785250051.496456429 19754926554192 9615868986698
1785250052.514233704 19758656575406 9615868986698
1785250053.532765151 19762388821610 9615868986698
1785250054.552512074 19766127922192 9615868986698
1785250055.571105025 19769858588770 9615868986698
1785250056.588335956 19773590647942 9615868986698
1785250057.606205529 19777321809824 9615868986698
1785250058.624232561 19781054252250 9615868986698
1785250059.648103500 19784808526324 9615868986698
1785250060.665836865 19788539560124 9615868986698
1785250061.683730959 19792271279880 9615868986698
1785250062.701344628 19795973207362 9615868986698
1785250063.718763245 19799631595652 9615868986698
1785250064.736253559 19803373084822 9615868986698
1785250065.753851245 19807102290084 9615868986698
1785250066.771421531 19810353274956 9615868986698
1785250067.789232023 19810353274956 9615868986698
1785250068.807955498 19810353274956 9615868986698
1785250069.826716780 19810353274956 9615868986698
