1785242812.167064789 16162857991080 8139550257002
1785242813.187880765 16162857991080 8139550257002
1785242814.207901831 16166228513298 8139550257002
1785242815.227915441 16169970900518 8139550257002
1785242816.248043593 16173711408970 8139550257002
1785242817.268043868 16177450200684 8139550257002
1785242818.288203158 16181188368226 8139550257002
1785242819.308168534 16184925662272 8139550257002
1785242820.328233863 16188664884842 8139550257002
1785242821.348161979 16192402038066 8139550257002
1785242822.365924157 16196132916122 8139550257002
1785242823.383633839 16199861859780 8139550257002
1785242824.401246382 16203595908978 8139550257002
1785242825.418858846 16207322716646 8139550257002
1785242826.436516544 16211055732382 8139550257002
1785242827.454985519 16214788648038 8139550257002
1785242828.473348188 16218517623766 8139550257002
1785242829.491015084 16222248568662 8139550257002
1785242830.509118014 16225978478796 8139550257002
1785242831.527366785 16229709251450 8139550257002
1785242832.545964807 16233445544640 8139550257002
1785242833.563956380 16237174883756 8139550257002
1785242834.581824048 16240905366614 8139550257002
1785242835.599649176 16244636311656 8139550257002
1785242836.617337544 16248368291330 8139550257002
1785242837.634994359 16252096132980 8139550257002
1785242838.652643865 16255831217070 8139550257002
1785242839.672555834 16259569404634 8139550257002
1785242840.692225824 16263303295040 8139958056562
1785242841.711599432 16267036525468 8143702853240
1785242842.732789059 16270777868684 8147431780498
1785242843.750714747 16274257412144 8151160820446
1785242844.768388876 16274343662096 8154883479824
1785242845.785768365 16274343862968 8155457301478
1785242846.803403332 16274344049498 8155457952540
1785242847.820792117 16274344249304 8155458146758
1785242848.838258473 16274344495432 8155458447424
1785242849.855737564 16274394462900 8155657025144
1785242850.873280432 16275297924874 8159280151836
1785242851.891353246 16277670394884 8163007409836
1785242852.908894673 16281400183736 8166737761586
1785242853.926897167 16285132357730 8170148306492
1785242854.944552845 16288861284988 8170217246772
1785242855.961205924 16292588160294 8170217445464
1785242856.979043322 16294307876182 8170217638632
1785242857.996548704 16294314469088 8170217838422
1785242859.014393288 16294314661174 8170217991842
1785242860.031907005 16294314859850 8170217991842
1785242861.049697829 16294315216380 8170217991842
1785242862.067215929 16294689037568 8170217991842
1785242863.084858249 16298275821768 8170217991842
1785242864.102385584 16302006693462 8170217991842
1785242865.119905578 16305733501536 8170217991842
1785242866.137320467 16309463401646 8170217991842
1785242867.154962043 16313195393034 8170217991842
1785242868.172434507 16316923706824 8170217991842
1785242869.190101503 16320653146134 8170217991842
1785242870.206609637 16324375815826 8170217991842
1785242871.223723416 16328103657996 8170217991842
1785242872.241258156 16331830858614 8170217991842
1785242873.258412010 16335556258866 8170217991842
1785242874.276344900 16339288278466 8170217991842
1785242875.293756151 16343027550842 8170217991842
1785242876.314090727 16346756477840 8170217991842
1785242877.331400725 16350484071900 8170217991842
1785242878.348857628 16354214574918 8170217991842
1785242879.366456234 16357945328992 8170217991842
1785242880.384170314 16361675243388 8170217991842
1785242881.401866777 16365406205270 8170217991842
1785242882.419541264 16369136249408 8170217991842
1785242883.437263685 16372421638282 8170217991842
1785242884.455657897 16372421638282 8170217991842
1785242885.474391770 16372421638282 8170217991842
1785242886.492651112 16372421638282 8170217991842
