1785241888.337538978 15950927642660 8107742169744
1785241889.358244713 15950927642660 8107742169744
1785241890.378330894 15954363168124 8107742169744
1785241891.398193627 15958095148058 8107742169744
1785241892.418266434 15961831266764 8107742169744
1785241893.437710055 15965566352284 8107742169744
1785241894.457815479 15969307042528 8107742169744
1785241895.478109312 15973054087332 8107742169744
1785241896.500390237 15976787124766 8107742169744
1785241897.518206451 15980518071612 8107742169744
1785241898.535741788 15984250051806 8107742169744
1785241899.553557508 15987975824468 8107742169744
1785241900.571028941 15991703073558 8107742169744
1785241901.588506794 15995433576788 8107742169744
1785241902.605934601 15999160738928 8107742169744
1785241903.623240691 16002890294606 8107742169744
1785241904.640918860 16006622275840 8107742169744
1785241905.658394679 16010347014000 8107742169744
1785241906.675723466 16014073821180 8107742169744
1785241907.692863700 16017801662846 8107742169744
1785241908.710224648 16021529383540 8107742169744
1785241909.732196897 16025278143974 8107742169744
1785241910.749735421 16029006809192 8107742169744
1785241911.767270651 16032732691516 8107742169744
1785241912.784785403 16036463724288 8107742169744
1785241913.802514566 16040191478858 8107742169744
1785241914.820145209 16043921849302 8107742169744
1785241915.837707468 16047650266346 8107742169744
1785241916.855539935 16051377131556 8108238031402
1785241917.873344500 16052784947592 8111967316882
1785241918.890975410 16052786461696 8115693014700
1785241919.908144655 16052787606984 8118475462076
1785241920.925469059 16054184355118 8119875559264
1785241921.942717455 16057913282376 8119882395904
1785241922.959639140 16060794428612 8119883709256
1785241923.976893989 16062261025732 8121238410054
1785241924.994337063 16062268741018 8124966835152
1785241926.011753201 16062269263760 8127851851516
1785241927.029123624 16063033130266 8129571696042
1785241928.046621064 16066762256644 8129621589016
1785241929.067783364 16069987942024 8129622019958
1785241930.085117948 16071762322334 8130378121600
1785241931.102580366 16071824587274 8134106797786
1785241932.120127121 16071824865072 8137297198544
1785241933.137832746 16071988134554 8139298734608
1785241934.156362572 16075554698402 8139550058294
1785241935.174115690 16078868595962 8139550257002
1785241936.191566912 16081053689200 8139550257002
1785241937.209005714 16082920962272 8139550257002
1785241938.226619054 16085668124198 8139550257002
1785241939.244129444 16089364460504 8139550257002
1785241940.261398683 16093061632306 8139550257002
1785241941.278973646 16096758120140 8139550257002
1785241942.296181168 16100453616622 8139550257002
1785241943.313455013 16104148221312 8139550257002
1785241944.330913870 16107846023128 8139550257002
1785241945.349168817 16111544254432 8139550257002
1785241946.366790419 16115244737100 8139550257002
1785241947.387178877 16118951047812 8139550257002
1785241948.406629254 16122654735034 8139550257002
1785241949.425521229 16126355638550 8139550257002
1785241950.443485608 16130054282354 8139550257002
1785241951.461338792 16133751187920 8139550257002
1785241952.478793156 16137448249456 8139550257002
1785241953.496437650 16141145979714 8139550257002
1785241954.514194567 16144843229566 8139550257002
1785241955.531674401 16148539886224 8139550257002
1785241956.549302206 16152237079666 8139550257002
1785241957.566858189 16155934177876 8139550257002
1785241958.584442009 16159630612660 8139550257002
1785241959.601865600 16162857991080 8139550257002
1785241960.619507201 16162857991080 8139550257002
1785241961.641292653 16162857991080 8139550257002
1785241962.659540486 16162857991080 8139550257002
