Conflicting CPU frequency values detected: 797.741000 != 2100.000000. CPU Frequency is not max.
Conflicting CPU frequency values detected: 2100.000000 != 1610.490000. CPU Frequency is not max.
Disabling dynamic polling
---------------------------------------------------------------------------------------
                    RDMA_Write Latency Test
 Dual-port       : OFF		Device         : mlx5_10
 Number of qps   : 1		Transport type : IB
 Connection type : RC		Using SRQ      : OFF
 PCIe relax order: OFF		Lock-free      : OFF
 ibv_wr* API     : ON		Using Enhanced Reorder      : OFF
 TX depth        : 1
 Mtu             : 1024[B]
 Link type       : Ethernet
 GID index       : 3
 Max inline data : 220[B]
 rdma_cm QPs	 : OFF
 Data ex. method : Ethernet
---------------------------------------------------------------------------------------
 local address: LID 0000 QPN 0x01c5 PSN 0xf98f35 RKey 0x04cf00 VAddr 0x005651b99f1000
 GID: 00:00:00:00:00:00:00:00:00:00:255:255:10:01:04:01
 remote address: LID 0000 QPN 0x01cd PSN 0x12350c RKey 0x04cf00 VAddr 0x0055ade3da8000
 GID: 00:00:00:00:00:00:00:00:00:00:255:255:10:01:04:02
---------------------------------------------------------------------------------------
 #bytes #iterations    t_min[usec]    t_max[usec]  t_typical[usec]    t_avg[usec]    t_stdev[usec]   99% percentile[usec]   99.9% percentile[usec] 
#, usec
1, 2.31143
2, 2.34095
3, 2.35714
4, 2.36857
5, 2.3719
6, 2.3719
7, 2.37476
8, 2.3819
9, 2.38619
10, 2.39762
11, 2.40476
12, 2.4119
13, 2.41571
14, 2.41667
15, 2.4281
16, 2.43
17, 2.43333
18, 2.43524
19, 2.44238
20, 2.44524
21, 2.45286
22, 2.45667
23, 2.45714
24, 2.46095
25, 2.46286
26, 2.46381
27, 2.46429
28, 2.46429
29, 2.46476
30, 2.48
31, 2.48095
32, 2.48619
33, 2.49095
34, 2.50095
35, 2.50095
36, 2.50476
37, 2.50524
38, 2.50762
39, 2.50905
40, 2.51143
41, 2.51857
42, 2.52619
43, 2.53095
44, 2.53095
45, 2.53667
46, 2.55333
47, 2.55524
48, 2.55905
49, 2.5719
50, 2.58286
51, 2.61429
52, 2.61857
53, 2.62857
54, 2.63095
55, 2.64333
56, 2.68381
57, 2.69952
58, 2.7119
59, 2.78381
60, 2.8081
61, 2.8381
62, 2.9119
63, 2.92524
64, 2.92571
65, 2.93667
66, 2.98571
67, 2.99429
68, 3.00381
69, 3.00619
70, 3.03524
71, 3.11619
72, 3.2581
73, 3.33571
74, 3.35048
75, 3.3719
76, 3.37524
77, 3.39381
78, 3.48714
79, 3.4881
80, 3.53571
81, 3.5819
82, 3.64333
83, 3.68905
84, 3.75476
85, 3.77381
86, 3.82381
87, 3.82381
88, 3.84238
89, 3.84286
90, 3.8581
91, 3.91667
92, 3.92048
93, 4.09
94, 4.14524
95, 4.33476
96, 4.38857
97, 4.49667
98, 4.56048
99, 4.59048
100, 5.16333
101, 6.12952
102, 6.2
103, 111.055
104, 322.962
105, 891.237
106, 897.387
107, 899.114
108, 966.031
109, 971.897
110, 973.311
111, 974.511
112, 980.291
113, 980.776
114, 986.409
115, 987.229
116, 987.44
117, 988.747
118, 990.327
119, 991.52
120, 993.32
121, 993.919
122, 993.994
123, 994.42
124, 994.441
125, 994.924
126, 995.26
127, 995.522
128, 996.044
129, 997.517
130, 998.881
131, 999.235
132, 999.733
133, 999.786
134, 1000.38
135, 1000.42
136, 1000.6
137, 1001.13
138, 1001.25
139, 1001.3
140, 1001.31
141, 1002.21
142, 1002.36
143, 1002.4
144, 1002.49
145, 1002.99
146, 1003.06
147, 1004.01
148, 1004.03
149, 1004.14
150, 1004.17
151, 1004.5
152, 1004.84
153, 1005.49
154, 1005.62
155, 1005.67
156, 1005.96
157, 1005.98
158, 1006.3
159, 1006.35
160, 1006.55
161, 1006.57
162, 1006.67
163, 1006.68
164, 1006.74
165, 1006.91
166, 1007.01
167, 1007.12
168, 1007.17
169, 1007.26
170, 1007.5
171, 1007.51
172, 1007.71
173, 1007.91
174, 1007.97
175, 1008.16
176, 1008.33
177, 1008.42
178, 1008.59
179, 1008.8
180, 1008.88
181, 1008.9
182, 1009.17
183, 1009.18
184, 1009.29
185, 1009.31
186, 1009.31
187, 1009.44
188, 1009.54
189, 1009.59
190, 1009.67
191, 1009.68
192, 1009.7
193, 1009.97
194, 1010.22
195, 1010.25
196, 1011.07
197, 1011.12
198, 1011.14
199, 1011.51
200, 1011.59
201, 1011.62
202, 1011.63
203, 1011.89
204, 1012.09
205, 1012.09
206, 1012.23
207, 1012.33
208, 1012.5
209, 1012.54
210, 1012.61
211, 1012.63
212, 1012.9
213, 1012.96
214, 1013.13
215, 1013.23
216, 1013.3
217, 1013.5
218, 1013.57
219, 1013.61
220, 1013.7
221, 1013.76
222, 1013.77
223, 1013.87
224, 1013.92
225, 1013.99
226, 1014.21
227, 1014.22
228, 1014.25
229, 1014.29
230, 1014.35
231, 1014.45
232, 1014.55
233, 1014.57
234, 1014.59
235, 1014.7
236, 1014.73
237, 1014.9
238, 1014.97
239, 1015.03
240, 1015.03
241, 1015.19
242, 1015.25
243, 1015.29
244, 1015.62
245, 1015.73
246, 1015.83
247, 1015.97
248, 1015.97
249, 1016.03
250, 1016.18
251, 1016.31
252, 1016.45
253, 1016.62
254, 1016.66
255, 1016.7
256, 1016.71
257, 1016.85
258, 1016.93
259, 1016.96
260, 1017.07
261, 1017.15
262, 1017.25
263, 1017.51
264, 1017.56
265, 1017.58
266, 1017.62
267, 1017.74
268, 1017.79
269, 1017.91
270, 1018.09
271, 1018.11
272, 1018.19
273, 1018.21
274, 1018.26
275, 1018.27
276, 1018.28
277, 1018.31
278, 1018.34
279, 1018.34
280, 1018.35
281, 1018.49
282, 1018.5
283, 1018.5
284, 1018.6
285, 1018.63
286, 1018.73
287, 1018.78
288, 1018.81
289, 1018.85
290, 1018.87
291, 1018.9
292, 1018.91
293, 1018.96
294, 1019
295, 1019
296, 1019.04
297, 1019.08
298, 1019.11
299, 1019.4
300, 1019.46
301, 1019.54
302, 1019.55
303, 1019.6
304, 1019.6
305, 1019.69
306, 1019.73
307, 1019.73
308, 1019.76
309, 1019.78
310, 1019.84
311, 1019.86
312, 1019.89
313, 1019.92
314, 1019.95
315, 1019.97
316, 1019.99
317, 1020.13
318, 1020.2
319, 1020.22
320, 1020.25
321, 1020.29
322, 1020.34
323, 1020.4
324, 1020.5
325, 1020.54
326, 1020.56
327, 1020.58
328, 1020.61
329, 1020.66
330, 1020.69
331, 1020.82
332, 1020.82
333, 1020.84
334, 1020.98
335, 1020.98
336, 1021.06
337, 1021.07
338, 1021.11
339, 1021.14
340, 1021.24
341, 1021.25
342, 1021.26
343, 1021.31
344, 1021.39
345, 1021.42
346, 1021.45
347, 1021.45
348, 1021.52
349, 1021.54
350, 1021.58
351, 1021.6
352, 1021.61
353, 1021.63
354, 1021.64
355, 1021.67
356, 1021.77
357, 1021.84
358, 1021.84
359, 1021.84
360, 1021.86
361, 1021.89
362, 1021.9
363, 1021.9
364, 1021.9
365, 1021.99
366, 1022.05
367, 1022.13
368, 1022.14
369, 1022.18
370, 1022.26
371, 1022.27
372, 1022.43
373, 1022.45
374, 1022.47
375, 1022.5
376, 1022.55
377, 1022.57
378, 1022.65
379, 1022.69
380, 1022.71
381, 1022.72
382, 1022.73
383, 1022.75
384, 1022.77
385, 1022.77
386, 1022.78
387, 1022.78
388, 1022.84
389, 1022.84
390, 1022.85
391, 1022.87
392, 1022.96
393, 1022.97
394, 1022.98
395, 1023.01
396, 1023.07
397, 1023.08
398, 1023.09
399, 1023.11
400, 1023.15
401, 1023.19
402, 1023.21
403, 1023.26
404, 1023.36
405, 1023.36
406, 1023.38
407, 1023.39
408, 1023.45
409, 1023.47
410, 1023.54
411, 1023.63
412, 1023.64
413, 1023.69
414, 1023.73
415, 1023.76
416, 1023.79
417, 1023.8
418, 1023.81
419, 1023.82
420, 1023.9
421, 1024.01
422, 1024.1
423, 1024.11
424, 1024.12
425, 1024.16
426, 1024.19
427, 1024.21
428, 1024.23
429, 1024.24
430, 1024.24
431, 1024.25
432, 1024.31
433, 1024.32
434, 1024.43
435, 1024.47
436, 1024.59
437, 1024.62
438, 1024.62
439, 1024.67
440, 1024.68
441, 1024.69
442, 1024.92
443, 1024.99
444, 1025.09
445, 1025.09
446, 1025.09
447, 1025.27
448, 1025.29
449, 1025.3
450, 1025.32
451, 1025.48
452, 1025.52
453, 1025.6
454, 1025.65
455, 1025.7
456, 1025.71
457, 1025.72
458, 1025.73
459, 1025.85
460, 1025.88
461, 1025.9
462, 1025.93
463, 1026.01
464, 1026.06
465, 1026.07
466, 1026.08
467, 1026.09
468, 1026.14
469, 1026.15
470, 1026.16
471, 1026.17
472, 1026.21
473, 1026.26
474, 1026.33
475, 1026.4
476, 1026.42
477, 1026.44
478, 1026.44
479, 1026.48
480, 1026.5
481, 1026.53
482, 1026.54
483, 1026.6
484, 1026.61
485, 1026.62
486, 1026.71
487, 1026.82
488, 1026.89
489, 1026.98
490, 1026.99
491, 1027.01
492, 1027.02
493, 1027.04
494, 1027.04
495, 1027.04
496, 1027.11
497, 1027.11
498, 1027.16
499, 1027.16
500, 1027.17
501, 1027.3
502, 1027.36
503, 1027.37
504, 1027.38
505, 1027.43
506, 1027.58
507, 1027.6
508, 1027.61
509, 1027.69
510, 1027.7
511, 1027.7
512, 1027.72
513, 1027.73
514, 1027.75
515, 1027.86
516, 1027.89
517, 1027.92
518, 1027.94
519, 1027.95
520, 1028.04
521, 1028.05
522, 1028.09
523, 1028.09
524, 1028.1
525, 1028.15
526, 1028.2
527, 1028.2
528, 1028.23
529, 1028.32
530, 1028.34
531, 1028.35
532, 1028.36
533, 1028.41
534, 1028.43
535, 1028.46
536, 1028.46
537, 1028.47
538, 1028.48
539, 1028.53
540, 1028.56
541, 1028.58
542, 1028.58
543, 1028.59
544, 1028.65
545, 1028.66
546, 1028.66
547, 1028.72
548, 1028.76
549, 1028.78
550, 1028.82
551, 1028.84
552, 1028.84
553, 1028.84
554, 1028.85
555, 1028.96
556, 1028.97
557, 1028.99
558, 1029
559, 1029.02
560, 1029.04
561, 1029.08
562, 1029.17
563, 1029.17
564, 1029.17
565, 1029.18
566, 1029.25
567, 1029.25
568, 1029.28
569, 1029.38
570, 1029.41
571, 1029.42
572, 1029.43
573, 1029.44
574, 1029.45
575, 1029.49
576, 1029.54
577, 1029.6
578, 1029.68
579, 1029.79
580, 1029.8
581, 1029.85
582, 1029.97
583, 1029.98
584, 1029.98
585, 1030.01
586, 1030.06
587, 1030.13
588, 1030.25
589, 1030.28
590, 1030.3
591, 1030.32
592, 1030.43
593, 1030.46
594, 1030.6
595, 1030.62
596, 1030.65
597, 1030.65
598, 1030.66
599, 1030.68
600, 1030.68
601, 1030.68
602, 1030.7
603, 1030.81
604, 1030.83
605, 1030.83
606, 1030.87
607, 1030.98
608, 1031.03
609, 1031.05
610, 1031.11
611, 1031.21
612, 1031.24
613, 1031.24
614, 1031.26
615, 1031.29
616, 1031.3
617, 1031.31
618, 1031.33
619, 1031.35
620, 1031.35
621, 1031.38
622, 1031.4
623, 1031.4
624, 1031.44
625, 1031.45
626, 1031.46
627, 1031.57
628, 1031.61
629, 1031.62
630, 1031.64
631, 1031.7
632, 1031.8
633, 1031.84
634, 1031.84
635, 1031.89
636, 1031.9
637, 1031.93
638, 1031.99
639, 1032.03
640, 1032.03
641, 1032.04
642, 1032.05
643, 1032.13
644, 1032.15
645, 1032.15
646, 1032.15
647, 1032.16
648, 1032.17
649, 1032.21
650, 1032.25
651, 1032.32
652, 1032.33
653, 1032.34
654, 1032.34
655, 1032.37
656, 1032.49
657, 1032.49
658, 1032.51
659, 1032.54
660, 1032.55
661, 1032.58
662, 1032.64
663, 1032.66
664, 1032.75
665, 1032.81
666, 1032.86
667, 1032.86
668, 1032.86
669, 1032.89
670, 1032.96
671, 1032.96
672, 1032.96
673, 1032.97
674, 1033
675, 1033.17
676, 1033.2
677, 1033.21
678, 1033.22
679, 1033.27
680, 1033.28
681, 1033.3
682, 1033.35
683, 1033.35
684, 1033.36
685, 1033.4
686, 1033.44
687, 1033.44
688, 1033.49
689, 1033.5
690, 1033.53
691, 1033.57
692, 1033.58
693, 1033.63
694, 1033.63
695, 1033.67
696, 1033.72
697, 1033.73
698, 1033.74
699, 1033.74
700, 1033.75
701, 1033.82
702, 1033.84
703, 1033.84
704, 1033.87
705, 1033.88
706, 1033.89
707, 1033.91
708, 1033.91
709, 1033.94
710, 1033.99
711, 1034.02
712, 1034.05
713, 1034.07
714, 1034.18
715, 1034.2
716, 1034.23
717, 1034.24
718, 1034.24
719, 1034.32
720, 1034.33
721, 1034.35
722, 1034.38
723, 1034.49
724, 1034.54
725, 1034.57
726, 1034.57
727, 1034.58
728, 1034.64
729, 1034.72
730, 1034.78
731, 1034.8
732, 1034.84
733, 1034.89
734, 1035.01
735, 1035.05
736, 1035.07
737, 1035.09
738, 1035.13
739, 1035.13
740, 1035.15
741, 1035.16
742, 1035.17
743, 1035.18
744, 1035.23
745, 1035.26
746, 1035.3
747, 1035.33
748, 1035.39
749, 1035.44
750, 1035.44
751, 1035.48
752, 1035.49
753, 1035.49
754, 1035.52
755, 1035.53
756, 1035.53
757, 1035.53
758, 1035.53
759, 1035.54
760, 1035.57
761, 1035.58
762, 1035.64
763, 1035.66
764, 1035.72
765, 1035.73
766, 1035.74
767, 1035.79
768, 1035.79
769, 1035.8
770, 1035.83
771, 1035.88
772, 1035.88
773, 1035.89
774, 1035.89
775, 1035.9
776, 1035.91
777, 1035.92
778, 1035.94
779, 1035.95
780, 1035.95
781, 1035.96
782, 1035.96
783, 1035.96
784, 1035.96
785, 1036.03
786, 1036.05
787, 1036.05
788, 1036.08
789, 1036.08
790, 1036.09
791, 1036.11
792, 1036.11
793, 1036.13
794, 1036.2
795, 1036.2
796, 1036.2
797, 1036.21
798, 1036.23
799, 1036.24
800, 1036.25
801, 1036.25
802, 1036.25
803, 1036.3
804, 1036.32
805, 1036.32
806, 1036.33
807, 1036.35
808, 1036.37
809, 1036.43
810, 1036.46
811, 1036.47
812, 1036.57
813, 1036.57
814, 1036.62
815, 1036.63
816, 1036.64
817, 1036.71
818, 1036.77
819, 1036.8
820, 1036.8
821, 1036.81
822, 1036.84
823, 1036.86
824, 1036.87
825, 1036.89
826, 1036.9
827, 1036.91
828, 1036.92
829, 1036.94
830, 1036.96
831, 1036.98
832, 1037
833, 1037
834, 1037.01
835, 1037.02
836, 1037.03
837, 1037.03
838, 1037.03
839, 1037.04
840, 1037.04
841, 1037.05
842, 1037.06
843, 1037.08
844, 1037.09
845, 1037.12
846, 1037.12
847, 1037.15
848, 1037.19
849, 1037.2
850, 1037.2
851, 1037.23
852, 1037.25
853, 1037.27
854, 1037.28
855, 1037.31
856, 1037.33
857, 1037.35
858, 1037.39
859, 1037.39
860, 1037.41
861, 1037.42
862, 1037.42
863, 1037.46
864, 1037.47
865, 1037.5
866, 1037.51
867, 1037.53
868, 1037.54
869, 1037.58
870, 1037.59
871, 1037.6
872, 1037.67
873, 1037.7
874, 1037.71
875, 1037.75
876, 1037.78
877, 1037.79
878, 1037.81
879, 1037.88
880, 1037.88
881, 1037.91
882, 1037.96
883, 1037.97
884, 1038.01
885, 1038.05
886, 1038.06
887, 1038.07
888, 1038.08
889, 1038.14
890, 1038.14
891, 1038.16
892, 1038.2
893, 1038.23
894, 1038.25
895, 1038.27
896, 1038.28
897, 1038.29
898, 1038.3
899, 1038.32
900, 1038.34
901, 1038.39
902, 1038.4
903, 1038.41
904, 1038.43
905, 1038.44
906, 1038.47
907, 1038.53
908, 1038.55
909, 1038.56
910, 1038.59
911, 1038.6
912, 1038.6
913, 1038.65
914, 1038.7
915, 1038.7
916, 1038.72
917, 1038.73
918, 1038.75
919, 1038.77
920, 1038.77
921, 1038.81
922, 1038.82
923, 1038.83
924, 1038.85
925, 1038.93
926, 1038.94
927, 1038.95
928, 1038.95
929, 1038.99
930, 1038.99
931, 1039.02
932, 1039.05
933, 1039.08
934, 1039.1
935, 1039.13
936, 1039.16
937, 1039.17
938, 1039.18
939, 1039.23
940, 1039.24
941, 1039.24
942, 1039.24
943, 1039.24
944, 1039.26
945, 1039.27
946, 1039.29
947, 1039.33
948, 1039.35
949, 1039.36
950, 1039.41
951, 1039.42
952, 1039.43
953, 1039.44
954, 1039.46
955, 1039.46
956, 1039.51
957, 1039.52
958, 1039.53
959, 1039.54
960, 1039.56
961, 1039.57
962, 1039.57
963, 1039.6
964, 1039.6
965, 1039.62
966, 1039.64
967, 1039.69
968, 1039.7
969, 1039.72
970, 1039.74
971, 1039.75
972, 1039.78
973, 1039.78
974, 1039.79
975, 1039.82
976, 1039.83
977, 1039.84
978, 1039.91
979, 1039.93
980, 1039.94
981, 1040.03
982, 1040.13
983, 1040.16
984, 1040.17
985, 1040.18
986, 1040.19
987, 1040.2
988, 1040.2
989, 1040.27
990, 1040.28
991, 1040.34
992, 1040.34
993, 1040.35
994, 1040.35
995, 1040.36
996, 1040.37
997, 1040.38
998, 1040.39
999, 1040.41
1000, 1040.43
1001, 1040.43
1002, 1040.47
1003, 1040.48
1004, 1040.5
1005, 1040.51
1006, 1040.61
1007, 1040.61
1008, 1040.62
1009, 1040.63
1010, 1040.64
1011, 1040.68
1012, 1040.68
1013, 1040.7
1014, 1040.72
1015, 1040.72
1016, 1040.74
1017, 1040.75
1018, 1040.76
1019, 1040.8
1020, 1040.81
1021, 1040.82
1022, 1040.83
1023, 1040.84
1024, 1040.87
1025, 1040.87
1026, 1040.9
1027, 1040.9
1028, 1040.94
1029, 1040.99
1030, 1040.99
1031, 1041.02
1032, 1041.03
1033, 1041.08
1034, 1041.08
1035, 1041.09
1036, 1041.09
1037, 1041.09
1038, 1041.1
1039, 1041.15
1040, 1041.16
1041, 1041.21
1042, 1041.25
1043, 1041.27
1044, 1041.28
1045, 1041.29
1046, 1041.3
1047, 1041.31
1048, 1041.33
1049, 1041.39
1050, 1041.41
1051, 1041.45
1052, 1041.48
1053, 1041.5
1054, 1041.52
1055, 1041.56
1056, 1041.56
1057, 1041.57
1058, 1041.58
1059, 1041.59
1060, 1041.6
1061, 1041.62
1062, 1041.63
1063, 1041.65
1064, 1041.68
1065, 1041.69
1066, 1041.72
1067, 1041.74
1068, 1041.75
1069, 1041.76
1070, 1041.79
1071, 1041.83
1072, 1041.87
1073, 1041.91
1074, 1042.01
1075, 1042.07
1076, 1042.11
1077, 1042.15
1078, 1042.2
1079, 1042.23
1080, 1042.23
1081, 1042.25
1082, 1042.25
1083, 1042.27
1084, 1042.28
1085, 1042.28
1086, 1042.28
1087, 1042.3
1088, 1042.35
1089, 1042.36
1090, 1042.37
1091, 1042.44
1092, 1042.47
1093, 1042.49
1094, 1042.51
1095, 1042.51
1096, 1042.54
1097, 1042.54
1098, 1042.54
1099, 1042.58
1100, 1042.64
1101, 1042.67
1102, 1042.67
1103, 1042.67
1104, 1042.69
1105, 1042.7
1106, 1042.72
1107, 1042.77
1108, 1042.78
1109, 1042.79
1110, 1042.8
1111, 1042.82
1112, 1042.82
1113, 1042.84
1114, 1042.84
1115, 1042.84
1116, 1042.89
1117, 1042.9
1118, 1042.94
1119, 1042.94
1120, 1043
1121, 1043.08
1122, 1043.09
1123, 1043.1
1124, 1043.1
1125, 1043.11
1126, 1043.14
1127, 1043.15
1128, 1043.21
1129, 1043.23
1130, 1043.23
1131, 1043.28
1132, 1043.28
1133, 1043.29
1134, 1043.29
1135, 1043.3
1136, 1043.3
1137, 1043.32
1138, 1043.34
1139, 1043.36
1140, 1043.36
1141, 1043.41
1142, 1043.53
1143, 1043.54
1144, 1043.55
1145, 1043.55
1146, 1043.57
1147, 1043.57
1148, 1043.59
1149, 1043.59
1150, 1043.6
1151, 1043.6
1152, 1043.61
1153, 1043.69
1154, 1043.7
1155, 1043.73
1156, 1043.73
1157, 1043.75
1158, 1043.78
1159, 1043.82
1160, 1043.89
1161, 1043.93
1162, 1043.94
1163, 1043.95
1164, 1043.95
1165, 1043.98
1166, 1043.99
1167, 1044
1168, 1044.02
1169, 1044.02
1170, 1044.03
1171, 1044.03
1172, 1044.04
1173, 1044.07
1174, 1044.08
1175, 1044.08
1176, 1044.1
1177, 1044.11
1178, 1044.11
1179, 1044.12
1180, 1044.12
1181, 1044.14
1182, 1044.14
1183, 1044.18
1184, 1044.19
1185, 1044.2
1186, 1044.21
1187, 1044.24
1188, 1044.26
1189, 1044.26
1190, 1044.27
1191, 1044.28
1192, 1044.28
1193, 1044.31
1194, 1044.31
1195, 1044.34
1196, 1044.38
1197, 1044.41
1198, 1044.42
1199, 1044.44
1200, 1044.45
1201, 1044.48
1202, 1044.48
1203, 1044.5
1204, 1044.53
1205, 1044.53
1206, 1044.54
1207, 1044.55
1208, 1044.55
1209, 1044.56
1210, 1044.57
1211, 1044.58
1212, 1044.61
1213, 1044.62
1214, 1044.63
1215, 1044.64
1216, 1044.65
1217, 1044.67
1218, 1044.68
1219, 1044.71
1220, 1044.71
1221, 1044.71
1222, 1044.74
1223, 1044.74
1224, 1044.77
1225, 1044.84
1226, 1044.84
1227, 1044.86
1228, 1044.86
1229, 1044.86
1230, 1044.87
1231, 1044.88
1232, 1044.88
1233, 1044.89
1234, 1044.9
1235, 1044.94
1236, 1044.95
1237, 1044.95
1238, 1045.01
1239, 1045.03
1240, 1045.04
1241, 1045.05
1242, 1045.09
1243, 1045.09
1244, 1045.09
1245, 1045.1
1246, 1045.1
1247, 1045.12
1248, 1045.12
1249, 1045.13
1250, 1045.13
1251, 1045.17
1252, 1045.18
1253, 1045.19
1254, 1045.2
1255, 1045.2
1256, 1045.22
1257, 1045.23
1258, 1045.24
1259, 1045.25
1260, 1045.26
1261, 1045.26
1262, 1045.27
1263, 1045.31
1264, 1045.33
1265, 1045.35
1266, 1045.38
1267, 1045.38
1268, 1045.39
1269, 1045.39
1270, 1045.39
1271, 1045.42
1272, 1045.43
1273, 1045.44
1274, 1045.5
1275, 1045.5
1276, 1045.51
1277, 1045.51
1278, 1045.51
1279, 1045.53
1280, 1045.58
1281, 1045.58
1282, 1045.59
1283, 1045.59
1284, 1045.6
1285, 1045.63
1286, 1045.65
1287, 1045.65
1288, 1045.66
1289, 1045.67
1290, 1045.69
1291, 1045.69
1292, 1045.7
1293, 1045.73
1294, 1045.76
1295, 1045.77
1296, 1045.77
1297, 1045.79
1298, 1045.79
1299, 1045.81
1300, 1045.82
1301, 1045.83
1302, 1045.86
1303, 1045.86
1304, 1045.88
1305, 1045.88
1306, 1045.92
1307, 1045.92
1308, 1045.94
1309, 1045.97
1310, 1045.97
1311, 1046
1312, 1046.02
1313, 1046.08
1314, 1046.1
1315, 1046.11
1316, 1046.12
1317, 1046.14
1318, 1046.15
1319, 1046.18
1320, 1046.23
1321, 1046.24
1322, 1046.26
1323, 1046.26
1324, 1046.28
1325, 1046.28
1326, 1046.29
1327, 1046.34
1328, 1046.35
1329, 1046.39
1330, 1046.4
1331, 1046.4
1332, 1046.41
1333, 1046.41
1334, 1046.43
1335, 1046.43
1336, 1046.43
1337, 1046.44
1338, 1046.48
1339, 1046.49
1340, 1046.5
1341, 1046.55
1342, 1046.55
1343, 1046.56
1344, 1046.56
1345, 1046.59
1346, 1046.59
1347, 1046.6
1348, 1046.63
1349, 1046.64
1350, 1046.65
1351, 1046.65
1352, 1046.66
1353, 1046.7
1354, 1046.72
1355, 1046.74
1356, 1046.75
1357, 1046.79
1358, 1046.79
1359, 1046.8
1360, 1046.81
1361, 1046.82
1362, 1046.84
1363, 1046.87
1364, 1046.87
1365, 1046.91
1366, 1046.91
1367, 1046.92
1368, 1046.96
1369, 1046.96
1370, 1046.97
1371, 1046.97
1372, 1046.99
1373, 1047
1374, 1047
1375, 1047
1376, 1047.01
1377, 1047.03
1378, 1047.07
1379, 1047.12
1380, 1047.12
1381, 1047.12
1382, 1047.13
1383, 1047.14
1384, 1047.15
1385, 1047.15
1386, 1047.15
1387, 1047.18
1388, 1047.19
1389, 1047.2
1390, 1047.2
1391, 1047.2
1392, 1047.22
1393, 1047.3
1394, 1047.32
1395, 1047.33
1396, 1047.33
1397, 1047.33
1398, 1047.35
1399, 1047.4
1400, 1047.4
1401, 1047.41
1402, 1047.42
1403, 1047.42
1404, 1047.46
1405, 1047.46
1406, 1047.46
1407, 1047.53
1408, 1047.53
1409, 1047.55
1410, 1047.6
1411, 1047.6
1412, 1047.62
1413, 1047.67
1414, 1047.67
1415, 1047.67
1416, 1047.68
1417, 1047.71
1418, 1047.73
1419, 1047.74
1420, 1047.75
1421, 1047.77
1422, 1047.77
1423, 1047.82
1424, 1047.82
1425, 1047.84
1426, 1047.87
1427, 1047.87
1428, 1047.91
1429, 1047.92
1430, 1047.92
1431, 1047.94
1432, 1047.94
1433, 1047.98
1434, 1047.99
1435, 1048.02
1436, 1048.02
1437, 1048.04
1438, 1048.04
1439, 1048.08
1440, 1048.12
1441, 1048.12
1442, 1048.13
1443, 1048.15
1444, 1048.18
1445, 1048.2
1446, 1048.2
1447, 1048.22
1448, 1048.23
1449, 1048.23
1450, 1048.24
1451, 1048.29
1452, 1048.31
1453, 1048.34
1454, 1048.36
1455, 1048.37
1456, 1048.37
1457, 1048.38
1458, 1048.39
1459, 1048.43
1460, 1048.5
1461, 1048.52
1462, 1048.53
1463, 1048.53
1464, 1048.53
1465, 1048.55
1466, 1048.56
1467, 1048.56
1468, 1048.57
1469, 1048.59
1470, 1048.59
1471, 1048.6
1472, 1048.6
1473, 1048.61
1474, 1048.62
1475, 1048.63
1476, 1048.64
1477, 1048.64
1478, 1048.67
1479, 1048.67
1480, 1048.69
1481, 1048.73
1482, 1048.73
1483, 1048.77
1484, 1048.77
1485, 1048.8
1486, 1048.82
1487, 1048.82
1488, 1048.82
1489, 1048.83
1490, 1048.83
1491, 1048.83
1492, 1048.85
1493, 1048.85
1494, 1048.85
1495, 1048.87
1496, 1048.94
1497, 1048.95
1498, 1048.96
1499, 1048.97
1500, 1048.97
1501, 1049.01
1502, 1049.01
1503, 1049.04
1504, 1049.04
1505, 1049.05
1506, 1049.05
1507, 1049.06
1508, 1049.08
1509, 1049.1
1510, 1049.12
1511, 1049.13
1512, 1049.14
1513, 1049.15
1514, 1049.17
1515, 1049.19
1516, 1049.2
1517, 1049.21
1518, 1049.26
1519, 1049.26
1520, 1049.27
1521, 1049.29
1522, 1049.31
1523, 1049.33
1524, 1049.33
1525, 1049.34
1526, 1049.36
1527, 1049.39
1528, 1049.4
1529, 1049.42
1530, 1049.43
1531, 1049.45
1532, 1049.51
1533, 1049.55
1534, 1049.58
1535, 1049.58
1536, 1049.59
1537, 1049.6
1538, 1049.61
1539, 1049.63
1540, 1049.65
1541, 1049.66
1542, 1049.66
1543, 1049.67
1544, 1049.68
1545, 1049.68
1546, 1049.7
1547, 1049.7
1548, 1049.71
1549, 1049.72
1550, 1049.73
1551, 1049.73
1552, 1049.75
1553, 1049.77
1554, 1049.77
1555, 1049.8
1556, 1049.82
1557, 1049.82
1558, 1049.83
1559, 1049.86
1560, 1049.86
1561, 1049.86
1562, 1049.87
1563, 1049.89
1564, 1049.89
1565, 1049.9
1566, 1049.91
1567, 1049.93
1568, 1049.94
1569, 1049.95
1570, 1049.95
1571, 1049.96
1572, 1049.99
1573, 1049.99
1574, 1050.01
1575, 1050.02
1576, 1050.03
1577, 1050.03
1578, 1050.04
1579, 1050.09
1580, 1050.09
1581, 1050.09
1582, 1050.11
1583, 1050.12
1584, 1050.16
1585, 1050.17
1586, 1050.19
1587, 1050.21
1588, 1050.23
1589, 1050.25
1590, 1050.25
1591, 1050.26
1592, 1050.29
1593, 1050.33
1594, 1050.34
1595, 1050.36
1596, 1050.41
1597, 1050.43
1598, 1050.44
1599, 1050.47
1600, 1050.49
1601, 1050.5
1602, 1050.51
1603, 1050.52
1604, 1050.54
1605, 1050.55
1606, 1050.55
1607, 1050.56
1608, 1050.57
1609, 1050.59
1610, 1050.61
1611, 1050.63
1612, 1050.63
1613, 1050.68
1614, 1050.68
1615, 1050.69
1616, 1050.69
1617, 1050.7
1618, 1050.72
1619, 1050.73
1620, 1050.77
1621, 1050.78
1622, 1050.81
1623, 1050.82
1624, 1050.82
1625, 1050.82
1626, 1050.83
1627, 1050.84
1628, 1050.87
1629, 1050.88
1630, 1050.88
1631, 1050.91
1632, 1050.93
1633, 1050.93
1634, 1050.94
1635, 1050.95
1636, 1050.97
1637, 1050.99
1638, 1051
1639, 1051.02
1640, 1051.02
1641, 1051.03
1642, 1051.07
1643, 1051.09
1644, 1051.1
1645, 1051.1
1646, 1051.13
1647, 1051.14
1648, 1051.16
1649, 1051.19
1650, 1051.19
1651, 1051.22
1652, 1051.23
1653, 1051.23
1654, 1051.24
1655, 1051.25
1656, 1051.26
1657, 1051.26
1658, 1051.27
1659, 1051.29
1660, 1051.29
1661, 1051.32
1662, 1051.34
1663, 1051.34
1664, 1051.34
1665, 1051.35
1666, 1051.36
1667, 1051.36
1668, 1051.36
1669, 1051.37
1670, 1051.37
1671, 1051.38
1672, 1051.39
1673, 1051.4
1674, 1051.41
1675, 1051.42
1676, 1051.43
1677, 1051.44
1678, 1051.45
1679, 1051.55
1680, 1051.55
1681, 1051.56
1682, 1051.57
1683, 1051.58
1684, 1051.58
1685, 1051.59
1686, 1051.59
1687, 1051.6
1688, 1051.61
1689, 1051.61
1690, 1051.64
1691, 1051.64
1692, 1051.65
1693, 1051.66
1694, 1051.67
1695, 1051.69
1696, 1051.74
1697, 1051.75
1698, 1051.77
1699, 1051.78
1700, 1051.81
1701, 1051.82
1702, 1051.83
1703, 1051.87
1704, 1051.87
1705, 1051.94
1706, 1051.96
1707, 1051.96
1708, 1051.97
1709, 1051.97
1710, 1051.99
1711, 1051.99
1712, 1052
1713, 1052
1714, 1052.03
1715, 1052.03
1716, 1052.04
1717, 1052.07
1718, 1052.08
1719, 1052.08
1720, 1052.08
1721, 1052.08
1722, 1052.11
1723, 1052.12
1724, 1052.12
1725, 1052.13
1726, 1052.14
1727, 1052.17
1728, 1052.17
1729, 1052.18
1730, 1052.2
1731, 1052.23
1732, 1052.23
1733, 1052.23
1734, 1052.24
1735, 1052.26
1736, 1052.29
1737, 1052.31
1738, 1052.37
1739, 1052.37
1740, 1052.4
1741, 1052.46
1742, 1052.51
1743, 1052.52
1744, 1052.56
1745, 1052.56
1746, 1052.58
1747, 1052.6
1748, 1052.61
1749, 1052.63
1750, 1052.66
1751, 1052.66
1752, 1052.69
1753, 1052.69
1754, 1052.7
1755, 1052.71
1756, 1052.72
1757, 1052.72
1758, 1052.73
1759, 1052.73
1760, 1052.75
1761, 1052.75
1762, 1052.75
1763, 1052.76
1764, 1052.79
1765, 1052.8
1766, 1052.81
1767, 1052.83
1768, 1052.84
1769, 1052.86
1770, 1052.87
1771, 1052.89
1772, 1052.9
1773, 1052.9
1774, 1052.94
1775, 1052.95
1776, 1052.95
1777, 1052.96
1778, 1052.99
1779, 1053
1780, 1053.02
1781, 1053.03
1782, 1053.05
1783, 1053.06
1784, 1053.06
1785, 1053.07
1786, 1053.08
1787, 1053.1
1788, 1053.1
1789, 1053.11
1790, 1053.11
1791, 1053.12
1792, 1053.12
1793, 1053.12
1794, 1053.16
1795, 1053.17
1796, 1053.18
1797, 1053.18
1798, 1053.18
1799, 1053.22
1800, 1053.22
1801, 1053.25
1802, 1053.27
1803, 1053.28
1804, 1053.29
1805, 1053.3
1806, 1053.31
1807, 1053.31
1808, 1053.32
1809, 1053.32
1810, 1053.32
1811, 1053.33
1812, 1053.35
1813, 1053.36
1814, 1053.37
1815, 1053.43
1816, 1053.47
1817, 1053.48
1818, 1053.48
1819, 1053.49
1820, 1053.49
1821, 1053.51
1822, 1053.51
1823, 1053.55
1824, 1053.55
1825, 1053.57
1826, 1053.59
1827, 1053.59
1828, 1053.6
1829, 1053.61
1830, 1053.62
1831, 1053.63
1832, 1053.64
1833, 1053.66
1834, 1053.67
1835, 1053.69
1836, 1053.72
1837, 1053.74
1838, 1053.74
1839, 1053.76
1840, 1053.78
1841, 1053.8
1842, 1053.8
1843, 1053.81
1844, 1053.82
1845, 1053.83
1846, 1053.88
1847, 1053.89
1848, 1053.9
1849, 1053.91
1850, 1053.91
1851, 1053.96
1852, 1053.97
1853, 1053.98
1854, 1053.98
1855, 1053.99
1856, 1054.02
1857, 1054.05
1858, 1054.05
1859, 1054.08
1860, 1054.1
1861, 1054.12
1862, 1054.19
1863, 1054.2
1864, 1054.26
1865, 1054.28
1866, 1054.3
1867, 1054.3
1868, 1054.34
1869, 1054.38
1870, 1054.4
1871, 1054.4
1872, 1054.41
1873, 1054.45
1874, 1054.49
1875, 1054.49
1876, 1054.52
1877, 1054.54
1878, 1054.55
1879, 1054.56
1880, 1054.58
1881, 1054.59
1882, 1054.59
1883, 1054.59
1884, 1054.59
1885, 1054.61
1886, 1054.62
1887, 1054.64
1888, 1054.65
1889, 1054.66
1890, 1054.68
1891, 1054.68
1892, 1054.71
1893, 1054.72
1894, 1054.74
1895, 1054.74
1896, 1054.77
1897, 1054.79
1898, 1054.79
1899, 1054.81
1900, 1054.82
1901, 1054.83
1902, 1054.85
1903, 1054.87
1904, 1054.88
1905, 1054.9
1906, 1054.91
1907, 1054.91
1908, 1054.92
1909, 1054.92
1910, 1054.92
1911, 1054.93
1912, 1054.94
1913, 1054.94
1914, 1054.95
1915, 1054.96
1916, 1054.96
1917, 1054.97
1918, 1054.97
1919, 1054.98
1920, 1054.98
1921, 1054.99
1922, 1055
1923, 1055
1924, 1055.01
1925, 1055.03
1926, 1055.11
1927, 1055.11
1928, 1055.14
1929, 1055.14
1930, 1055.15
1931, 1055.15
1932, 1055.15
1933, 1055.16
1934, 1055.17
1935, 1055.18
1936, 1055.18
1937, 1055.18
1938, 1055.2
1939, 1055.2
1940, 1055.22
1941, 1055.24
1942, 1055.24
1943, 1055.27
1944, 1055.27
1945, 1055.28
1946, 1055.29
1947, 1055.29
1948, 1055.3
1949, 1055.34
1950, 1055.37
1951, 1055.37
1952, 1055.38
1953, 1055.38
1954, 1055.38
1955, 1055.41
1956, 1055.42
1957, 1055.46
1958, 1055.47
1959, 1055.48
1960, 1055.49
1961, 1055.49
1962, 1055.51
1963, 1055.52
1964, 1055.54
1965, 1055.55
1966, 1055.56
1967, 1055.57
1968, 1055.58
1969, 1055.59
1970, 1055.62
1971, 1055.62
1972, 1055.63
1973, 1055.67
1974, 1055.68
1975, 1055.68
1976, 1055.69
1977, 1055.7
1978, 1055.7
1979, 1055.71
1980, 1055.71
1981, 1055.72
1982, 1055.72
1983, 1055.72
1984, 1055.73
1985, 1055.74
1986, 1055.76
1987, 1055.77
1988, 1055.78
1989, 1055.8
1990, 1055.86
1991, 1055.86
1992, 1055.86
1993, 1055.87
1994, 1055.87
1995, 1055.91
1996, 1055.92
1997, 1055.93
1998, 1055.94
1999, 1055.96
2000, 1055.97
2001, 1056
2002, 1056.02
2003, 1056.03
2004, 1056.04
2005, 1056.05
2006, 1056.05
2007, 1056.05
2008, 1056.05
2009, 1056.06
2010, 1056.08
2011, 1056.08
2012, 1056.1
2013, 1056.1
2014, 1056.11
2015, 1056.11
2016, 1056.12
2017, 1056.12
2018, 1056.13
2019, 1056.15
2020, 1056.15
2021, 1056.16
2022, 1056.18
2023, 1056.19
2024, 1056.19
2025, 1056.2
2026, 1056.22
2027, 1056.22
2028, 1056.25
2029, 1056.27
2030, 1056.27
2031, 1056.3
2032, 1056.32
2033, 1056.32
2034, 1056.35
2035, 1056.37
2036, 1056.37
2037, 1056.37
2038, 1056.4
2039, 1056.4
2040, 1056.4
2041, 1056.41
2042, 1056.41
2043, 1056.42
2044, 1056.46
2045, 1056.5
2046, 1056.51
2047, 1056.51
2048, 1056.52
2049, 1056.55
2050, 1056.57
2051, 1056.57
2052, 1056.58
2053, 1056.61
2054, 1056.62
2055, 1056.63
2056, 1056.63
2057, 1056.65
2058, 1056.65
2059, 1056.67
2060, 1056.68
2061, 1056.69
2062, 1056.71
2063, 1056.71
2064, 1056.73
2065, 1056.77
2066, 1056.77
2067, 1056.8
2068, 1056.82
2069, 1056.82
2070, 1056.82
2071, 1056.83
2072, 1056.83
2073, 1056.84
2074, 1056.87
2075, 1056.87
2076, 1056.87
2077, 1056.88
2078, 1056.9
2079, 1056.91
2080, 1056.91
2081, 1056.92
2082, 1056.93
2083, 1056.94
2084, 1056.95
2085, 1056.95
2086, 1056.99
2087, 1057
2088, 1057.01
2089, 1057.01
2090, 1057.01
2091, 1057.01
2092, 1057.02
2093, 1057.04
2094, 1057.05
2095, 1057.06
2096, 1057.07
2097, 1057.07
2098, 1057.08
2099, 1057.08
2100, 1057.11
2101, 1057.12
2102, 1057.13
2103, 1057.13
2104, 1057.14
2105, 1057.14
2106, 1057.15
2107, 1057.16
2108, 1057.18
2109, 1057.19
2110, 1057.21
2111, 1057.22
2112, 1057.23
2113, 1057.23
2114, 1057.24
2115, 1057.25
2116, 1057.26
2117, 1057.26
2118, 1057.27
2119, 1057.29
2120, 1057.31
2121, 1057.32
2122, 1057.33
2123, 1057.35
2124, 1057.39
2125, 1057.4
2126, 1057.42
2127, 1057.42
2128, 1057.45
2129, 1057.45
2130, 1057.46
2131, 1057.47
2132, 1057.47
2133, 1057.47
2134, 1057.48
2135, 1057.51
2136, 1057.52
2137, 1057.54
2138, 1057.54
2139, 1057.56
2140, 1057.56
2141, 1057.56
2142, 1057.58
2143, 1057.6
2144, 1057.68
2145, 1057.73
2146, 1057.76
2147, 1057.76
2148, 1057.79
2149, 1057.79
2150, 1057.79
2151, 1057.8
2152, 1057.83
2153, 1057.87
2154, 1057.87
2155, 1057.87
2156, 1057.87
2157, 1057.88
2158, 1057.89
2159, 1057.9
2160, 1057.9
2161, 1057.9
2162, 1057.92
2163, 1057.92
2164, 1057.93
2165, 1057.93
2166, 1057.94
2167, 1057.95
2168, 1057.96
2169, 1057.97
2170, 1057.97
2171, 1057.98
2172, 1058
2173, 1058
2174, 1058.06
2175, 1058.07
2176, 1058.08
2177, 1058.08
2178, 1058.1
2179, 1058.13
2180, 1058.15
2181, 1058.16
2182, 1058.19
2183, 1058.22
2184, 1058.24
2185, 1058.24
2186, 1058.24
2187, 1058.26
2188, 1058.26
2189, 1058.27
2190, 1058.27
2191, 1058.31
2192, 1058.32
2193, 1058.35
2194, 1058.36
2195, 1058.37
2196, 1058.38
2197, 1058.38
2198, 1058.38
2199, 1058.41
2200, 1058.41
2201, 1058.42
2202, 1058.43
2203, 1058.44
2204, 1058.45
2205, 1058.45
2206, 1058.46
2207, 1058.47
2208, 1058.48
2209, 1058.49
2210, 1058.52
2211, 1058.53
2212, 1058.53
2213, 1058.54
2214, 1058.54
2215, 1058.54
2216, 1058.55
2217, 1058.55
2218, 1058.56
2219, 1058.61
2220, 1058.66
2221, 1058.68
2222, 1058.7
2223, 1058.7
2224, 1058.71
2225, 1058.71
2226, 1058.71
2227, 1058.74
2228, 1058.75
2229, 1058.76
2230, 1058.78
2231, 1058.8
2232, 1058.8
2233, 1058.81
2234, 1058.82
2235, 1058.83
2236, 1058.83
2237, 1058.84
2238, 1058.84
2239, 1058.88
2240, 1058.88
2241, 1058.88
2242, 1058.89
2243, 1058.89
2244, 1058.9
2245, 1058.91
2246, 1058.93
2247, 1058.94
2248, 1058.96
2249, 1058.99
2250, 1059
2251, 1059.02
2252, 1059.02
2253, 1059.02
2254, 1059.06
2255, 1059.06
2256, 1059.07
2257, 1059.08
2258, 1059.08
2259, 1059.08
2260, 1059.09
2261, 1059.09
2262, 1059.11
2263, 1059.12
2264, 1059.12
2265, 1059.12
2266, 1059.13
2267, 1059.14
2268, 1059.18
2269, 1059.21
2270, 1059.21
2271, 1059.21
2272, 1059.21
2273, 1059.23
2274, 1059.24
2275, 1059.25
2276, 1059.26
2277, 1059.27
2278, 1059.28
2279, 1059.29
2280, 1059.29
2281, 1059.3
2282, 1059.32
2283, 1059.32
2284, 1059.33
2285, 1059.34
2286, 1059.34
2287, 1059.35
2288, 1059.36
2289, 1059.39
2290, 1059.4
2291, 1059.4
2292, 1059.41
2293, 1059.44
2294, 1059.46
2295, 1059.46
2296, 1059.48
2297, 1059.51
2298, 1059.51
2299, 1059.51
2300, 1059.52
2301, 1059.53
2302, 1059.53
2303, 1059.54
2304, 1059.61
2305, 1059.61
2306, 1059.64
2307, 1059.64
2308, 1059.65
2309, 1059.65
2310, 1059.66
2311, 1059.69
2312, 1059.71
2313, 1059.72
2314, 1059.73
2315, 1059.73
2316, 1059.74
2317, 1059.74
2318, 1059.75
2319, 1059.76
2320, 1059.78
2321, 1059.81
2322, 1059.81
2323, 1059.82
2324, 1059.83
2325, 1059.87
2326, 1059.87
2327, 1059.87
2328, 1059.92
2329, 1059.95
2330, 1059.96
2331, 1059.98
2332, 1060
2333, 1060.01
2334, 1060.03
2335, 1060.04
2336, 1060.08
2337, 1060.08
2338, 1060.09
2339, 1060.11
2340, 1060.13
2341, 1060.14
2342, 1060.17
2343, 1060.18
2344, 1060.18
2345, 1060.19
2346, 1060.19
2347, 1060.2
2348, 1060.21
2349, 1060.23
2350, 1060.31
2351, 1060.32
2352, 1060.34
2353, 1060.35
2354, 1060.35
2355, 1060.36
2356, 1060.39
2357, 1060.4
2358, 1060.42
2359, 1060.44
2360, 1060.46
2361, 1060.48
2362, 1060.48
2363, 1060.49
2364, 1060.51
2365, 1060.51
2366, 1060.51
2367, 1060.55
2368, 1060.55
2369, 1060.55
2370, 1060.55
2371, 1060.57
2372, 1060.57
2373, 1060.58
2374, 1060.6
2375, 1060.62
2376, 1060.62
2377, 1060.65
2378, 1060.66
2379, 1060.67
2380, 1060.69
2381, 1060.7
2382, 1060.7
2383, 1060.71
2384, 1060.71
2385, 1060.71
2386, 1060.72
2387, 1060.73
2388, 1060.75
2389, 1060.75
2390, 1060.77
2391, 1060.78
2392, 1060.79
2393, 1060.8
2394, 1060.85
2395, 1060.85
2396, 1060.86
2397, 1060.86
2398, 1060.87
2399, 1060.89
2400, 1060.92
2401, 1060.93
2402, 1060.94
2403, 1060.94
2404, 1060.96
2405, 1060.97
2406, 1060.98
2407, 1060.99
2408, 1061
2409, 1061.01
2410, 1061.02
2411, 1061.05
2412, 1061.05
2413, 1061.05
2414, 1061.05
2415, 1061.07
2416, 1061.09
2417, 1061.12
2418, 1061.12
2419, 1061.12
2420, 1061.13
2421, 1061.13
2422, 1061.13
2423, 1061.15
2424, 1061.16
2425, 1061.17
2426, 1061.18
2427, 1061.21
2428, 1061.23
2429, 1061.25
2430, 1061.28
2431, 1061.28
2432, 1061.3
2433, 1061.31
2434, 1061.36
2435, 1061.37
2436, 1061.38
2437, 1061.39
2438, 1061.39
2439, 1061.39
2440, 1061.4
2441, 1061.43
2442, 1061.45
2443, 1061.46
2444, 1061.49
2445, 1061.51
2446, 1061.52
2447, 1061.55
2448, 1061.56
2449, 1061.56
2450, 1061.57
2451, 1061.58
2452, 1061.58
2453, 1061.61
2454, 1061.61
2455, 1061.62
2456, 1061.62
2457, 1061.63
2458, 1061.63
2459, 1061.66
2460, 1061.67
2461, 1061.69
2462, 1061.7
2463, 1061.71
2464, 1061.74
2465, 1061.76
2466, 1061.76
2467, 1061.79
2468, 1061.79
2469, 1061.8
2470, 1061.81
2471, 1061.81
2472, 1061.82
2473, 1061.82
2474, 1061.83
2475, 1061.85
2476, 1061.85
2477, 1061.86
2478, 1061.88
2479, 1061.89
2480, 1061.94
2481, 1061.95
2482, 1061.95
2483, 1061.95
2484, 1061.96
2485, 1061.96
2486, 1061.97
2487, 1061.98
2488, 1061.98
2489, 1061.98
2490, 1062
2491, 1062.01
2492, 1062.02
2493, 1062.04
2494, 1062.05
2495, 1062.06
2496, 1062.08
2497, 1062.08
2498, 1062.09
2499, 1062.1
2500, 1062.12
2501, 1062.13
2502, 1062.13
2503, 1062.14
2504, 1062.15
2505, 1062.15
2506, 1062.16
2507, 1062.17
2508, 1062.18
2509, 1062.19
2510, 1062.19
2511, 1062.2
2512, 1062.22
2513, 1062.23
2514, 1062.23
2515, 1062.24
2516, 1062.26
2517, 1062.27
2518, 1062.3
2519, 1062.3
2520, 1062.32
2521, 1062.37
2522, 1062.41
2523, 1062.43
2524, 1062.46
2525, 1062.48
2526, 1062.5
2527, 1062.51
2528, 1062.52
2529, 1062.54
2530, 1062.54
2531, 1062.54
2532, 1062.55
2533, 1062.55
2534, 1062.56
2535, 1062.57
2536, 1062.59
2537, 1062.61
2538, 1062.63
2539, 1062.64
2540, 1062.66
2541, 1062.68
2542, 1062.68
2543, 1062.7
2544, 1062.71
2545, 1062.71
2546, 1062.72
2547, 1062.73
2548, 1062.74
2549, 1062.77
2550, 1062.78
2551, 1062.81
2552, 1062.83
2553, 1062.85
2554, 1062.86
2555, 1062.89
2556, 1062.91
2557, 1062.93
2558, 1062.93
2559, 1062.94
2560, 1062.94
2561, 1062.95
2562, 1062.97
2563, 1062.97
2564, 1062.98
2565, 1062.98
2566, 1062.99
2567, 1063
2568, 1063
2569, 1063.01
2570, 1063.01
2571, 1063.01
2572, 1063.02
2573, 1063.05
2574, 1063.05
2575, 1063.08
2576, 1063.1
2577, 1063.11
2578, 1063.11
2579, 1063.12
2580, 1063.12
2581, 1063.15
2582, 1063.15
2583, 1063.15
2584, 1063.16
2585, 1063.16
2586, 1063.17
2587, 1063.17
2588, 1063.18
2589, 1063.19
2590, 1063.22
2591, 1063.25
2592, 1063.25
2593, 1063.27
2594, 1063.28
2595, 1063.28
2596, 1063.29
2597, 1063.31
2598, 1063.32
2599, 1063.33
2600, 1063.33
2601, 1063.34
2602, 1063.34
2603, 1063.35
2604, 1063.35
2605, 1063.35
2606, 1063.4
2607, 1063.4
2608, 1063.4
2609, 1063.45
2610, 1063.45
2611, 1063.46
2612, 1063.47
2613, 1063.47
2614, 1063.47
2615, 1063.48
2616, 1063.49
2617, 1063.5
2618, 1063.51
2619, 1063.51
2620, 1063.51
2621, 1063.51
2622, 1063.51
2623, 1063.52
2624, 1063.54
2625, 1063.55
2626, 1063.56
2627, 1063.58
2628, 1063.59
2629, 1063.6
2630, 1063.6
2631, 1063.61
2632, 1063.61
2633, 1063.61
2634, 1063.61
2635, 1063.61
2636, 1063.61
2637, 1063.64
2638, 1063.64
2639, 1063.68
2640, 1063.69
2641, 1063.69
2642, 1063.69
2643, 1063.7
2644, 1063.71
2645, 1063.71
2646, 1063.74
2647, 1063.74
2648, 1063.75
2649, 1063.75
2650, 1063.76
2651, 1063.76
2652, 1063.77
2653, 1063.78
2654, 1063.78
2655, 1063.81
2656, 1063.81
2657, 1063.82
2658, 1063.83
2659, 1063.84
2660, 1063.85
2661, 1063.85
2662, 1063.86
2663, 1063.87
2664, 1063.87
2665, 1063.88
2666, 1063.89
2667, 1063.89
2668, 1063.91
2669, 1063.91
2670, 1063.93
2671, 1063.93
2672, 1063.93
2673, 1063.93
2674, 1063.93
2675, 1063.96
2676, 1064
2677, 1064.02
2678, 1064.02
2679, 1064.03
2680, 1064.03
2681, 1064.03
2682, 1064.06
2683, 1064.07
2684, 1064.07
2685, 1064.08
2686, 1064.09
2687, 1064.09
2688, 1064.09
2689, 1064.09
2690, 1064.11
2691, 1064.11
2692, 1064.13
2693, 1064.14
2694, 1064.14
2695, 1064.15
2696, 1064.16
2697, 1064.2
2698, 1064.21
2699, 1064.21
2700, 1064.22
2701, 1064.22
2702, 1064.22
2703, 1064.22
2704, 1064.23
2705, 1064.26
2706, 1064.26
2707, 1064.31
2708, 1064.34
2709, 1064.35
2710, 1064.37
2711, 1064.37
2712, 1064.38
2713, 1064.39
2714, 1064.41
2715, 1064.41
2716, 1064.41
2717, 1064.41
2718, 1064.43
2719, 1064.44
2720, 1064.44
2721, 1064.45
2722, 1064.46
2723, 1064.47
2724, 1064.48
2725, 1064.49
2726, 1064.52
2727, 1064.54
2728, 1064.54
2729, 1064.56
2730, 1064.58
2731, 1064.58
2732, 1064.59
2733, 1064.59
2734, 1064.59
2735, 1064.6
2736, 1064.61
2737, 1064.62
2738, 1064.64
2739, 1064.66
2740, 1064.67
2741, 1064.68
2742, 1064.68
2743, 1064.7
2744, 1064.7
2745, 1064.75
2746, 1064.78
2747, 1064.79
2748, 1064.81
2749, 1064.85
2750, 1064.88
2751, 1064.88
2752, 1064.91
2753, 1064.92
2754, 1064.92
2755, 1064.93
2756, 1064.95
2757, 1064.96
2758, 1064.97
2759, 1064.98
2760, 1065.01
2761, 1065.01
2762, 1065.02
2763, 1065.03
2764, 1065.03
2765, 1065.03
2766, 1065.05
2767, 1065.06
2768, 1065.07
2769, 1065.08
2770, 1065.08
2771, 1065.09
2772, 1065.11
2773, 1065.12
2774, 1065.14
2775, 1065.16
2776, 1065.17
2777, 1065.2
2778, 1065.21
2779, 1065.22
2780, 1065.22
2781, 1065.23
2782, 1065.24
2783, 1065.27
2784, 1065.27
2785, 1065.28
2786, 1065.31
2787, 1065.34
2788, 1065.36
2789, 1065.37
2790, 1065.38
2791, 1065.38
2792, 1065.39
2793, 1065.41
2794, 1065.43
2795, 1065.45
2796, 1065.48
2797, 1065.49
2798, 1065.49
2799, 1065.49
2800, 1065.5
2801, 1065.51
2802, 1065.52
2803, 1065.53
2804, 1065.53
2805, 1065.58
2806, 1065.59
2807, 1065.59
2808, 1065.6
2809, 1065.62
2810, 1065.63
2811, 1065.65
2812, 1065.67
2813, 1065.67
2814, 1065.7
2815, 1065.71
2816, 1065.73
2817, 1065.75
2818, 1065.77
2819, 1065.77
2820, 1065.78
2821, 1065.79
2822, 1065.8
2823, 1065.81
2824, 1065.82
2825, 1065.85
2826, 1065.85
2827, 1065.88
2828, 1065.88
2829, 1065.89
2830, 1065.89
2831, 1065.91
2832, 1065.93
2833, 1065.93
2834, 1065.93
2835, 1065.93
2836, 1065.93
2837, 1065.94
2838, 1065.98
2839, 1065.98
2840, 1065.98
2841, 1065.99
2842, 1066.01
2843, 1066.04
2844, 1066.04
2845, 1066.04
2846, 1066.05
2847, 1066.09
2848, 1066.1
2849, 1066.1
2850, 1066.1
2851, 1066.11
2852, 1066.13
2853, 1066.17
2854, 1066.17
2855, 1066.17
2856, 1066.2
2857, 1066.22
2858, 1066.24
2859, 1066.24
2860, 1066.26
2861, 1066.27
2862, 1066.29
2863, 1066.35
2864, 1066.35
2865, 1066.36
2866, 1066.37
2867, 1066.38
2868, 1066.38
2869, 1066.4
2870, 1066.41
2871, 1066.46
2872, 1066.47
2873, 1066.48
2874, 1066.49
2875, 1066.5
2876, 1066.55
2877, 1066.55
2878, 1066.59
2879, 1066.59
2880, 1066.6
2881, 1066.6
2882, 1066.63
2883, 1066.63
2884, 1066.63
2885, 1066.65
2886, 1066.66
2887, 1066.66
2888, 1066.66
2889, 1066.67
2890, 1066.68
2891, 1066.69
2892, 1066.69
2893, 1066.69
2894, 1066.7
2895, 1066.71
2896, 1066.71
2897, 1066.71
2898, 1066.73
2899, 1066.73
2900, 1066.74
2901, 1066.76
2902, 1066.77
2903, 1066.78
2904, 1066.8
2905, 1066.81
2906, 1066.81
2907, 1066.84
2908, 1066.84
2909, 1066.86
2910, 1066.87
2911, 1066.87
2912, 1066.87
2913, 1066.89
2914, 1066.94
2915, 1066.95
2916, 1066.96
2917, 1066.98
2918, 1067.01
2919, 1067.02
2920, 1067.04
2921, 1067.04
2922, 1067.06
2923, 1067.07
2924, 1067.07
2925, 1067.08
2926, 1067.09
2927, 1067.1
2928, 1067.11
2929, 1067.12
2930, 1067.14
2931, 1067.16
2932, 1067.2
2933, 1067.21
2934, 1067.22
2935, 1067.22
2936, 1067.22
2937, 1067.26
2938, 1067.26
2939, 1067.28
2940, 1067.28
2941, 1067.32
2942, 1067.34
2943, 1067.34
2944, 1067.35
2945, 1067.35
2946, 1067.35
2947, 1067.36
2948, 1067.36
2949, 1067.37
2950, 1067.39
2951, 1067.4
2952, 1067.42
2953, 1067.43
2954, 1067.45
2955, 1067.45
2956, 1067.45
2957, 1067.45
2958, 1067.45
2959, 1067.45
2960, 1067.46
2961, 1067.47
2962, 1067.48
2963, 1067.48
2964, 1067.5
2965, 1067.51
2966, 1067.51
2967, 1067.54
2968, 1067.54
2969, 1067.54
2970, 1067.55
2971, 1067.56
2972, 1067.56
2973, 1067.56
2974, 1067.58
2975, 1067.58
2976, 1067.6
2977, 1067.62
2978, 1067.63
2979, 1067.63
2980, 1067.63
2981, 1067.63
2982, 1067.64
2983, 1067.65
2984, 1067.65
2985, 1067.69
2986, 1067.69
2987, 1067.7
2988, 1067.7
2989, 1067.71
2990, 1067.72
2991, 1067.73
2992, 1067.74
2993, 1067.74
2994, 1067.75
2995, 1067.75
2996, 1067.77
2997, 1067.77
2998, 1067.77
2999, 1067.78
3000, 1067.78
3001, 1067.79
3002, 1067.8
3003, 1067.84
3004, 1067.84
3005, 1067.86
3006, 1067.86
3007, 1067.89
3008, 1067.89
3009, 1067.89
3010, 1067.9
3011, 1067.91
3012, 1067.92
3013, 1067.92
3014, 1067.93
3015, 1067.94
3016, 1067.94
3017, 1067.94
3018, 1067.94
3019, 1067.95
3020, 1067.95
3021, 1067.96
3022, 1067.97
3023, 1067.97
3024, 1067.98
3025, 1067.99
3026, 1068
3027, 1068.01
3028, 1068.03
3029, 1068.04
3030, 1068.05
3031, 1068.07
3032, 1068.09
3033, 1068.1
3034, 1068.11
3035, 1068.13
3036, 1068.22
3037, 1068.22
3038, 1068.23
3039, 1068.24
3040, 1068.25
3041, 1068.25
3042, 1068.26
3043, 1068.28
3044, 1068.29
3045, 1068.31
3046, 1068.31
3047, 1068.31
3048, 1068.32
3049, 1068.33
3050, 1068.34
3051, 1068.37
3052, 1068.37
3053, 1068.38
3054, 1068.38
3055, 1068.4
3056, 1068.43
3057, 1068.43
3058, 1068.44
3059, 1068.45
3060, 1068.46
3061, 1068.47
3062, 1068.47
3063, 1068.49
3064, 1068.5
3065, 1068.52
3066, 1068.54
3067, 1068.56
3068, 1068.58
3069, 1068.59
3070, 1068.6
3071, 1068.61
3072, 1068.61
3073, 1068.64
3074, 1068.65
3075, 1068.65
3076, 1068.66
3077, 1068.67
3078, 1068.68
3079, 1068.69
3080, 1068.69
3081, 1068.7
3082, 1068.71
3083, 1068.71
3084, 1068.72
3085, 1068.73
3086, 1068.74
3087, 1068.74
3088, 1068.74
3089, 1068.76
3090, 1068.79
3091, 1068.81
3092, 1068.81
3093, 1068.84
3094, 1068.91
3095, 1068.91
3096, 1068.93
3097, 1068.93
3098, 1068.94
3099, 1068.95
3100, 1068.96
3101, 1068.96
3102, 1068.98
3103, 1068.98
3104, 1068.98
3105, 1069
3106, 1069
3107, 1069.01
3108, 1069.01
3109, 1069.01
3110, 1069.02
3111, 1069.02
3112, 1069.03
3113, 1069.04
3114, 1069.05
3115, 1069.06
3116, 1069.07
3117, 1069.08
3118, 1069.11
3119, 1069.12
3120, 1069.14
3121, 1069.14
3122, 1069.16
3123, 1069.16
3124, 1069.17
3125, 1069.18
3126, 1069.18
3127, 1069.18
3128, 1069.19
3129, 1069.2
3130, 1069.21
3131, 1069.22
3132, 1069.22
3133, 1069.22
3134, 1069.24
3135, 1069.25
3136, 1069.25
3137, 1069.25
3138, 1069.26
3139, 1069.26
3140, 1069.28
3141, 1069.29
3142, 1069.29
3143, 1069.29
3144, 1069.3
3145, 1069.31
3146, 1069.31
3147, 1069.32
3148, 1069.32
3149, 1069.32
3150, 1069.35
3151, 1069.38
3152, 1069.39
3153, 1069.4
3154, 1069.41
3155, 1069.43
3156, 1069.44
3157, 1069.47
3158, 1069.48
3159, 1069.51
3160, 1069.52
3161, 1069.52
3162, 1069.53
3163, 1069.54
3164, 1069.55
3165, 1069.57
3166, 1069.58
3167, 1069.59
3168, 1069.6
3169, 1069.62
3170, 1069.63
3171, 1069.64
3172, 1069.66
3173, 1069.67
3174, 1069.67
3175, 1069.68
3176, 1069.69
3177, 1069.72
3178, 1069.74
3179, 1069.74
3180, 1069.74
3181, 1069.75
3182, 1069.75
3183, 1069.75
3184, 1069.77
3185, 1069.78
3186, 1069.79
3187, 1069.8
3188, 1069.82
3189, 1069.83
3190, 1069.83
3191, 1069.84
3192, 1069.84
3193, 1069.85
3194, 1069.87
3195, 1069.88
3196, 1069.9
3197, 1069.9
3198, 1069.93
3199, 1069.93
3200, 1069.95
3201, 1069.95
3202, 1069.95
3203, 1069.96
3204, 1069.99
3205, 1069.99
3206, 1069.99
3207, 1070
3208, 1070.01
3209, 1070.01
3210, 1070.02
3211, 1070.03
3212, 1070.07
3213, 1070.08
3214, 1070.08
3215, 1070.1
3216, 1070.11
3217, 1070.11
3218, 1070.12
3219, 1070.12
3220, 1070.13
3221, 1070.14
3222, 1070.16
3223, 1070.16
3224, 1070.18
3225, 1070.19
3226, 1070.2
3227, 1070.21
3228, 1070.22
3229, 1070.23
3230, 1070.24
3231, 1070.25
3232, 1070.25
3233, 1070.27
3234, 1070.27
3235, 1070.27
3236, 1070.28
3237, 1070.32
3238, 1070.35
3239, 1070.35
3240, 1070.36
3241, 1070.37
3242, 1070.37
3243, 1070.37
3244, 1070.4
3245, 1070.41
3246, 1070.44
3247, 1070.45
3248, 1070.45
3249, 1070.47
3250, 1070.5
3251, 1070.51
3252, 1070.51
3253, 1070.52
3254, 1070.53
3255, 1070.54
3256, 1070.55
3257, 1070.55
3258, 1070.55
3259, 1070.57
3260, 1070.59
3261, 1070.61
3262, 1070.61
3263, 1070.63
3264, 1070.67
3265, 1070.69
3266, 1070.72
3267, 1070.72
3268, 1070.73
3269, 1070.73
3270, 1070.73
3271, 1070.74
3272, 1070.75
3273, 1070.77
3274, 1070.78
3275, 1070.79
3276, 1070.8
3277, 1070.81
3278, 1070.84
3279, 1070.85
3280, 1070.85
3281, 1070.88
3282, 1070.9
3283, 1070.91
3284, 1070.98
3285, 1070.99
3286, 1070.99
3287, 1071
3288, 1071.01
3289, 1071.02
3290, 1071.04
3291, 1071.06
3292, 1071.07
3293, 1071.08
3294, 1071.08
3295, 1071.09
3296, 1071.11
3297, 1071.12
3298, 1071.13
3299, 1071.13
3300, 1071.15
3301, 1071.16
3302, 1071.16
3303, 1071.16
3304, 1071.16
3305, 1071.18
3306, 1071.18
3307, 1071.2
3308, 1071.23
3309, 1071.24
3310, 1071.24
3311, 1071.26
3312, 1071.26
3313, 1071.26
3314, 1071.26
3315, 1071.27
3316, 1071.27
3317, 1071.28
3318, 1071.28
3319, 1071.28
3320, 1071.29
3321, 1071.29
3322, 1071.31
3323, 1071.31
3324, 1071.34
3325, 1071.36
3326, 1071.36
3327, 1071.36
3328, 1071.37
3329, 1071.38
3330, 1071.39
3331, 1071.41
3332, 1071.41
3333, 1071.42
3334, 1071.45
3335, 1071.49
3336, 1071.49
3337, 1071.49
3338, 1071.5
3339, 1071.5
3340, 1071.52
3341, 1071.53
3342, 1071.54
3343, 1071.54
3344, 1071.59
3345, 1071.61
3346, 1071.61
3347, 1071.63
3348, 1071.64
3349, 1071.65
3350, 1071.65
3351, 1071.66
3352, 1071.66
3353, 1071.66
3354, 1071.68
3355, 1071.69
3356, 1071.7
3357, 1071.7
3358, 1071.7
3359, 1071.71
3360, 1071.72
3361, 1071.73
3362, 1071.74
3363, 1071.75
3364, 1071.75
3365, 1071.75
3366, 1071.76
3367, 1071.77
3368, 1071.77
3369, 1071.78
3370, 1071.79
3371, 1071.82
3372, 1071.83
3373, 1071.84
3374, 1071.85
3375, 1071.86
3376, 1071.87
3377, 1071.87
3378, 1071.88
3379, 1071.89
3380, 1071.89
3381, 1071.91
3382, 1071.92
3383, 1071.92
3384, 1071.94
3385, 1071.96
3386, 1071.97
3387, 1072.03
3388, 1072.04
3389, 1072.04
3390, 1072.04
3391, 1072.05
3392, 1072.05
3393, 1072.06
3394, 1072.07
3395, 1072.11
3396, 1072.11
3397, 1072.12
3398, 1072.13
3399, 1072.14
3400, 1072.15
3401, 1072.15
3402, 1072.16
3403, 1072.16
3404, 1072.17
3405, 1072.18
3406, 1072.19
3407, 1072.2
3408, 1072.21
3409, 1072.21
3410, 1072.22
3411, 1072.22
3412, 1072.23
3413, 1072.24
3414, 1072.28
3415, 1072.3
3416, 1072.35
3417, 1072.35
3418, 1072.35
3419, 1072.36
3420, 1072.38
3421, 1072.38
3422, 1072.38
3423, 1072.39
3424, 1072.44
3425, 1072.45
3426, 1072.46
3427, 1072.48
3428, 1072.49
3429, 1072.52
3430, 1072.52
3431, 1072.52
3432, 1072.53
3433, 1072.53
3434, 1072.56
3435, 1072.58
3436, 1072.59
3437, 1072.59
3438, 1072.6
3439, 1072.6
3440, 1072.6
3441, 1072.62
3442, 1072.63
3443, 1072.64
3444, 1072.65
3445, 1072.67
3446, 1072.68
3447, 1072.68
3448, 1072.69
3449, 1072.75
3450, 1072.76
3451, 1072.77
3452, 1072.78
3453, 1072.79
3454, 1072.79
3455, 1072.79
3456, 1072.8
3457, 1072.8
3458, 1072.8
3459, 1072.81
3460, 1072.81
3461, 1072.82
3462, 1072.82
3463, 1072.83
3464, 1072.84
3465, 1072.86
3466, 1072.87
3467, 1072.87
3468, 1072.88
3469, 1072.9
3470, 1072.93
3471, 1072.93
3472, 1072.95
3473, 1072.96
3474, 1072.97
3475, 1072.97
3476, 1072.97
3477, 1072.99
3478, 1073
3479, 1073.02
3480, 1073.03
3481, 1073.04
3482, 1073.05
3483, 1073.05
3484, 1073.05
3485, 1073.06
3486, 1073.06
3487, 1073.09
3488, 1073.11
3489, 1073.12
3490, 1073.12
3491, 1073.13
3492, 1073.14
3493, 1073.15
3494, 1073.15
3495, 1073.17
3496, 1073.18
3497, 1073.18
3498, 1073.2
3499, 1073.21
3500, 1073.21
3501, 1073.22
3502, 1073.22
3503, 1073.26
3504, 1073.27
3505, 1073.27
3506, 1073.28
3507, 1073.29
3508, 1073.29
3509, 1073.31
3510, 1073.32
3511, 1073.33
3512, 1073.34
3513, 1073.35
3514, 1073.35
3515, 1073.35
3516, 1073.36
3517, 1073.38
3518, 1073.39
3519, 1073.41
3520, 1073.41
3521, 1073.41
3522, 1073.42
3523, 1073.44
3524, 1073.44
3525, 1073.44
3526, 1073.44
3527, 1073.45
3528, 1073.48
3529, 1073.51
3530, 1073.52
3531, 1073.57
3532, 1073.58
3533, 1073.58
3534, 1073.59
3535, 1073.59
3536, 1073.59
3537, 1073.59
3538, 1073.61
3539, 1073.64
3540, 1073.64
3541, 1073.65
3542, 1073.66
3543, 1073.66
3544, 1073.66
3545, 1073.67
3546, 1073.67
3547, 1073.69
3548, 1073.7
3549, 1073.73
3550, 1073.74
3551, 1073.74
3552, 1073.74
3553, 1073.74
3554, 1073.75
3555, 1073.75
3556, 1073.79
3557, 1073.79
3558, 1073.83
3559, 1073.83
3560, 1073.84
3561, 1073.86
3562, 1073.88
3563, 1073.9
3564, 1073.9
3565, 1073.91
3566, 1073.92
3567, 1073.92
3568, 1073.95
3569, 1073.95
3570, 1073.96
3571, 1073.96
3572, 1073.98
3573, 1073.99
3574, 1074.01
3575, 1074.01
3576, 1074.02
3577, 1074.03
3578, 1074.05
3579, 1074.07
3580, 1074.1
3581, 1074.1
3582, 1074.1
3583, 1074.11
3584, 1074.11
3585, 1074.11
3586, 1074.12
3587, 1074.12
3588, 1074.13
3589, 1074.14
3590, 1074.14
3591, 1074.15
3592, 1074.15
3593, 1074.16
3594, 1074.19
3595, 1074.19
3596, 1074.2
3597, 1074.2
3598, 1074.2
3599, 1074.23
3600, 1074.23
3601, 1074.23
3602, 1074.27
3603, 1074.29
3604, 1074.3
3605, 1074.3
3606, 1074.3
3607, 1074.31
3608, 1074.31
3609, 1074.32
3610, 1074.34
3611, 1074.34
3612, 1074.38
3613, 1074.38
3614, 1074.38
3615, 1074.39
3616, 1074.39
3617, 1074.4
3618, 1074.4
3619, 1074.4
3620, 1074.42
3621, 1074.43
3622, 1074.43
3623, 1074.43
3624, 1074.45
3625, 1074.46
3626, 1074.47
3627, 1074.48
3628, 1074.48
3629, 1074.51
3630, 1074.51
3631, 1074.52
3632, 1074.53
3633, 1074.54
3634, 1074.55
3635, 1074.55
3636, 1074.55
3637, 1074.55
3638, 1074.58
3639, 1074.58
3640, 1074.58
3641, 1074.58
3642, 1074.59
3643, 1074.59
3644, 1074.6
3645, 1074.6
3646, 1074.61
3647, 1074.61
3648, 1074.62
3649, 1074.62
3650, 1074.63
3651, 1074.64
3652, 1074.66
3653, 1074.68
3654, 1074.68
3655, 1074.69
3656, 1074.7
3657, 1074.72
3658, 1074.72
3659, 1074.72
3660, 1074.73
3661, 1074.74
3662, 1074.75
3663, 1074.77
3664, 1074.78
3665, 1074.79
3666, 1074.8
3667, 1074.8
3668, 1074.8
3669, 1074.8
3670, 1074.81
3671, 1074.83
3672, 1074.88
3673, 1074.88
3674, 1074.89
3675, 1074.9
3676, 1074.92
3677, 1074.92
3678, 1074.94
3679, 1074.94
3680, 1074.96
3681, 1074.96
3682, 1074.96
3683, 1074.97
3684, 1074.99
3685, 1075.01
3686, 1075.01
3687, 1075.01
3688, 1075.02
3689, 1075.04
3690, 1075.04
3691, 1075.04
3692, 1075.06
3693, 1075.06
3694, 1075.06
3695, 1075.07
3696, 1075.07
3697, 1075.07
3698, 1075.1
3699, 1075.1
3700, 1075.11
3701, 1075.12
3702, 1075.13
3703, 1075.17
3704, 1075.19
3705, 1075.2
3706, 1075.2
3707, 1075.21
3708, 1075.22
3709, 1075.23
3710, 1075.25
3711, 1075.26
3712, 1075.27
3713, 1075.28
3714, 1075.3
3715, 1075.3
3716, 1075.31
3717, 1075.32
3718, 1075.35
3719, 1075.35
3720, 1075.36
3721, 1075.37
3722, 1075.38
3723, 1075.39
3724, 1075.39
3725, 1075.4
3726, 1075.4
3727, 1075.41
3728, 1075.41
3729, 1075.41
3730, 1075.42
3731, 1075.45
3732, 1075.45
3733, 1075.46
3734, 1075.47
3735, 1075.48
3736, 1075.48
3737, 1075.49
3738, 1075.5
3739, 1075.5
3740, 1075.5
3741, 1075.5
3742, 1075.51
3743, 1075.51
3744, 1075.52
3745, 1075.53
3746, 1075.55
3747, 1075.55
3748, 1075.58
3749, 1075.62
3750, 1075.64
3751, 1075.65
3752, 1075.66
3753, 1075.66
3754, 1075.67
3755, 1075.67
3756, 1075.68
3757, 1075.68
3758, 1075.69
3759, 1075.73
3760, 1075.74
3761, 1075.77
3762, 1075.78
3763, 1075.79
3764, 1075.8
3765, 1075.8
3766, 1075.8
3767, 1075.83
3768, 1075.84
3769, 1075.85
3770, 1075.87
3771, 1075.94
3772, 1075.95
3773, 1075.99
3774, 1075.99
3775, 1075.99
3776, 1076
3777, 1076.05
3778, 1076.05
3779, 1076.06
3780, 1076.06
3781, 1076.07
3782, 1076.07
3783, 1076.08
3784, 1076.13
3785, 1076.13
3786, 1076.14
3787, 1076.15
3788, 1076.17
3789, 1076.18
3790, 1076.18
3791, 1076.2
3792, 1076.22
3793, 1076.22
3794, 1076.23
3795, 1076.24
3796, 1076.26
3797, 1076.26
3798, 1076.26
3799, 1076.27
3800, 1076.27
3801, 1076.28
3802, 1076.31
3803, 1076.35
3804, 1076.36
3805, 1076.37
3806, 1076.37
3807, 1076.41
3808, 1076.42
3809, 1076.43
3810, 1076.44
3811, 1076.44
3812, 1076.48
3813, 1076.5
3814, 1076.51
3815, 1076.51
3816, 1076.52
3817, 1076.53
3818, 1076.54
3819, 1076.55
3820, 1076.55
3821, 1076.65
3822, 1076.69
3823, 1076.72
3824, 1076.72
3825, 1076.73
3826, 1076.73
3827, 1076.74
3828, 1076.74
3829, 1076.76
3830, 1076.79
3831, 1076.8
3832, 1076.81
3833, 1076.81
3834, 1076.82
3835, 1076.83
3836, 1076.84
3837, 1076.84
3838, 1076.86
3839, 1076.87
3840, 1076.88
3841, 1076.89
3842, 1076.93
3843, 1076.93
3844, 1076.95
3845, 1076.98
3846, 1077
3847, 1077.01
3848, 1077.01
3849, 1077.02
3850, 1077.03
3851, 1077.03
3852, 1077.04
3853, 1077.05
3854, 1077.06
3855, 1077.06
3856, 1077.08
3857, 1077.08
3858, 1077.09
3859, 1077.11
3860, 1077.12
3861, 1077.15
3862, 1077.16
3863, 1077.16
3864, 1077.17
3865, 1077.18
3866, 1077.18
3867, 1077.2
3868, 1077.2
3869, 1077.25
3870, 1077.26
3871, 1077.27
3872, 1077.27
3873, 1077.27
3874, 1077.28
3875, 1077.29
3876, 1077.29
3877, 1077.29
3878, 1077.3
3879, 1077.33
3880, 1077.33
3881, 1077.37
3882, 1077.4
3883, 1077.41
3884, 1077.44
3885, 1077.44
3886, 1077.45
3887, 1077.45
3888, 1077.46
3889, 1077.47
3890, 1077.52
3891, 1077.52
3892, 1077.52
3893, 1077.53
3894, 1077.54
3895, 1077.55
3896, 1077.56
3897, 1077.57
3898, 1077.58
3899, 1077.59
3900, 1077.6
3901, 1077.61
3902, 1077.61
3903, 1077.62
3904, 1077.64
3905, 1077.65
3906, 1077.67
3907, 1077.7
3908, 1077.73
3909, 1077.73
3910, 1077.76
3911, 1077.76
3912, 1077.78
3913, 1077.79
3914, 1077.79
3915, 1077.81
3916, 1077.84
3917, 1077.85
3918, 1077.85
3919, 1077.85
3920, 1077.86
3921, 1077.86
3922, 1077.87
3923, 1077.87
3924, 1077.87
3925, 1077.88
3926, 1077.93
3927, 1077.93
3928, 1077.93
3929, 1077.94
3930, 1077.97
3931, 1077.98
3932, 1077.99
3933, 1077.99
3934, 1078
3935, 1078
3936, 1078
3937, 1078
3938, 1078.04
3939, 1078.04
3940, 1078.05
3941, 1078.07
3942, 1078.08
3943, 1078.08
3944, 1078.09
3945, 1078.1
3946, 1078.11
3947, 1078.12
3948, 1078.12
3949, 1078.12
3950, 1078.16
3951, 1078.17
3952, 1078.18
3953, 1078.18
3954, 1078.19
3955, 1078.19
3956, 1078.2
3957, 1078.21
3958, 1078.21
3959, 1078.21
3960, 1078.22
3961, 1078.22
3962, 1078.24
3963, 1078.25
3964, 1078.26
3965, 1078.26
3966, 1078.29
3967, 1078.29
3968, 1078.3
3969, 1078.3
3970, 1078.32
3971, 1078.36
3972, 1078.37
3973, 1078.39
3974, 1078.44
3975, 1078.44
3976, 1078.45
3977, 1078.48
3978, 1078.5
3979, 1078.51
3980, 1078.53
3981, 1078.53
3982, 1078.53
3983, 1078.54
3984, 1078.55
3985, 1078.56
3986, 1078.57
3987, 1078.59
3988, 1078.61
3989, 1078.61
3990, 1078.61
3991, 1078.66
3992, 1078.68
3993, 1078.68
3994, 1078.7
3995, 1078.71
3996, 1078.73
3997, 1078.73
3998, 1078.74
3999, 1078.74
4000, 1078.75
4001, 1078.77
4002, 1078.8
4003, 1078.81
4004, 1078.82
4005, 1078.83
4006, 1078.88
4007, 1078.89
4008, 1078.89
4009, 1078.89
4010, 1078.89
4011, 1078.9
4012, 1078.9
4013, 1078.91
4014, 1078.92
4015, 1078.93
4016, 1078.95
4017, 1078.95
4018, 1078.96
4019, 1078.97
4020, 1078.98
4021, 1078.99
4022, 1079.02
4023, 1079.04
4024, 1079.08
4025, 1079.09
4026, 1079.09
4027, 1079.1
4028, 1079.1
4029, 1079.1
4030, 1079.12
4031, 1079.16
4032, 1079.16
4033, 1079.22
4034, 1079.23
4035, 1079.25
4036, 1079.27
4037, 1079.29
4038, 1079.34
4039, 1079.35
4040, 1079.35
4041, 1079.38
4042, 1079.39
4043, 1079.39
4044, 1079.42
4045, 1079.43
4046, 1079.44
4047, 1079.45
4048, 1079.45
4049, 1079.46
4050, 1079.48
4051, 1079.48
4052, 1079.5
4053, 1079.51
4054, 1079.53
4055, 1079.55
4056, 1079.56
4057, 1079.59
4058, 1079.61
4059, 1079.64
4060, 1079.64
4061, 1079.66
4062, 1079.67
4063, 1079.68
4064, 1079.71
4065, 1079.73
4066, 1079.73
4067, 1079.75
4068, 1079.76
4069, 1079.78
4070, 1079.78
4071, 1079.79
4072, 1079.79
4073, 1079.79
4074, 1079.8
4075, 1079.81
4076, 1079.81
4077, 1079.83
4078, 1079.84
4079, 1079.87
4080, 1079.91
4081, 1079.91
4082, 1079.92
4083, 1079.94
4084, 1079.97
4085, 1079.97
4086, 1079.97
4087, 1079.97
4088, 1079.98
4089, 1079.99
4090, 1080.02
4091, 1080.04
4092, 1080.08
4093, 1080.1
4094, 1080.11
4095, 1080.12
4096, 1080.16
4097, 1080.17
4098, 1080.18
4099, 1080.2
4100, 1080.2
4101, 1080.21
4102, 1080.21
4103, 1080.22
4104, 1080.25
4105, 1080.27
4106, 1080.28
4107, 1080.28
4108, 1080.29
4109, 1080.3
4110, 1080.33
4111, 1080.33
4112, 1080.34
4113, 1080.35
4114, 1080.36
4115, 1080.38
4116, 1080.44
4117, 1080.44
4118, 1080.44
4119, 1080.45
4120, 1080.51
4121, 1080.52
4122, 1080.52
4123, 1080.53
4124, 1080.59
4125, 1080.59
4126, 1080.61
4127, 1080.64
4128, 1080.65
4129, 1080.68
4130, 1080.68
4131, 1080.73
4132, 1080.74
4133, 1080.74
4134, 1080.76
4135, 1080.78
4136, 1080.79
4137, 1080.79
4138, 1080.8
4139, 1080.8
4140, 1080.82
4141, 1080.82
4142, 1080.84
4143, 1080.86
4144, 1080.88
4145, 1080.88
4146, 1080.89
4147, 1080.89
4148, 1080.9
4149, 1080.9
4150, 1080.9
4151, 1080.9
4152, 1080.91
4153, 1080.93
4154, 1080.94
4155, 1080.95
4156, 1080.98
4157, 1080.98
4158, 1080.98
4159, 1080.99
4160, 1080.99
4161, 1080.99
4162, 1080.99
4163, 1081.01
4164, 1081.01
4165, 1081.04
4166, 1081.05
4167, 1081.05
4168, 1081.07
4169, 1081.07
4170, 1081.08
4171, 1081.09
4172, 1081.09
4173, 1081.1
4174, 1081.11
4175, 1081.12
4176, 1081.13
4177, 1081.15
4178, 1081.16
4179, 1081.16
4180, 1081.19
4181, 1081.19
4182, 1081.2
4183, 1081.2
4184, 1081.21
4185, 1081.23
4186, 1081.23
4187, 1081.25
4188, 1081.31
4189, 1081.32
4190, 1081.32
4191, 1081.32
4192, 1081.33
4193, 1081.34
4194, 1081.34
4195, 1081.36
4196, 1081.37
4197, 1081.37
4198, 1081.38
4199, 1081.39
4200, 1081.4
4201, 1081.42
4202, 1081.43
4203, 1081.45
4204, 1081.45
4205, 1081.52
4206, 1081.53
4207, 1081.53
4208, 1081.54
4209, 1081.55
4210, 1081.55
4211, 1081.56
4212, 1081.56
4213, 1081.62
4214, 1081.63
4215, 1081.65
4216, 1081.66
4217, 1081.71
4218, 1081.72
4219, 1081.73
4220, 1081.75
4221, 1081.76
4222, 1081.81
4223, 1081.83
4224, 1081.83
4225, 1081.83
4226, 1081.85
4227, 1081.86
4228, 1081.87
4229, 1081.88
4230, 1081.91
4231, 1081.92
4232, 1081.94
4233, 1081.96
4234, 1081.96
4235, 1081.98
4236, 1081.99
4237, 1081.99
4238, 1082.03
4239, 1082.04
4240, 1082.04
4241, 1082.06
4242, 1082.07
4243, 1082.11
4244, 1082.12
4245, 1082.12
4246, 1082.14
4247, 1082.16
4248, 1082.17
4249, 1082.17
4250, 1082.25
4251, 1082.28
4252, 1082.28
4253, 1082.28
4254, 1082.34
4255, 1082.36
4256, 1082.38
4257, 1082.41
4258, 1082.42
4259, 1082.43
4260, 1082.44
4261, 1082.49
4262, 1082.5
4263, 1082.5
4264, 1082.5
4265, 1082.53
4266, 1082.54
4267, 1082.55
4268, 1082.57
4269, 1082.57
4270, 1082.63
4271, 1082.64
4272, 1082.65
4273, 1082.65
4274, 1082.68
4275, 1082.7
4276, 1082.71
4277, 1082.71
4278, 1082.72
4279, 1082.75
4280, 1082.75
4281, 1082.76
4282, 1082.77
4283, 1082.82
4284, 1082.84
4285, 1082.86
4286, 1082.89
4287, 1082.9
4288, 1082.91
4289, 1082.91
4290, 1082.92
4291, 1082.93
4292, 1082.94
4293, 1082.95
4294, 1082.96
4295, 1082.96
4296, 1082.98
4297, 1082.98
4298, 1083.01
4299, 1083.02
4300, 1083.04
4301, 1083.04
4302, 1083.08
4303, 1083.09
4304, 1083.12
4305, 1083.13
4306, 1083.14
4307, 1083.14
4308, 1083.16
4309, 1083.17
4310, 1083.22
4311, 1083.23
4312, 1083.23
4313, 1083.27
4314, 1083.28
4315, 1083.29
4316, 1083.32
4317, 1083.33
4318, 1083.36
4319, 1083.41
4320, 1083.44
4321, 1083.48
4322, 1083.48
4323, 1083.5
4324, 1083.51
4325, 1083.52
4326, 1083.53
4327, 1083.56
4328, 1083.57
4329, 1083.58
4330, 1083.62
4331, 1083.65
4332, 1083.66
4333, 1083.69
4334, 1083.72
4335, 1083.74
4336, 1083.78
4337, 1083.8
4338, 1083.8
4339, 1083.81
4340, 1083.82
4341, 1083.82
4342, 1083.82
4343, 1083.83
4344, 1083.85
4345, 1083.86
4346, 1083.87
4347, 1083.9
4348, 1083.92
4349, 1083.99
4350, 1083.99
4351, 1083.99
4352, 1084.03
4353, 1084.09
4354, 1084.1
4355, 1084.14
4356, 1084.15
4357, 1084.16
4358, 1084.18
4359, 1084.21
4360, 1084.22
4361, 1084.22
4362, 1084.25
4363, 1084.27
4364, 1084.28
4365, 1084.3
4366, 1084.32
4367, 1084.39
4368, 1084.41
4369, 1084.45
4370, 1084.46
4371, 1084.48
4372, 1084.52
4373, 1084.52
4374, 1084.55
4375, 1084.62
4376, 1084.64
4377, 1084.69
4378, 1084.7
4379, 1084.71
4380, 1084.71
4381, 1084.72
4382, 1084.75
4383, 1084.76
4384, 1084.78
4385, 1084.8
4386, 1084.86
4387, 1084.9
4388, 1084.92
4389, 1084.92
4390, 1084.97
4391, 1085.03
4392, 1085.04
4393, 1085.3
4394, 1085.33
4395, 1085.34
4396, 1085.34
4397, 1085.38
4398, 1085.39
4399, 1085.39
4400, 1085.41
4401, 1085.41
4402, 1085.45
4403, 1085.46
4404, 1085.47
4405, 1085.5
4406, 1085.53
4407, 1085.54
4408, 1085.56
4409, 1085.57
4410, 1085.57
4411, 1085.7
4412, 1085.72
4413, 1085.78
4414, 1085.81
4415, 1085.82
4416, 1085.87
4417, 1085.94
4418, 1085.96
4419, 1086.01
4420, 1086.04
4421, 1086.09
4422, 1086.16
4423, 1086.19
4424, 1086.19
4425, 1086.2
4426, 1086.25
4427, 1086.26
4428, 1086.31
4429, 1086.48
4430, 1086.52
4431, 1086.56
4432, 1086.56
4433, 1086.58
4434, 1086.66
4435, 1086.67
4436, 1086.77
4437, 1086.79
4438, 1086.85
4439, 1086.86
4440, 1086.95
4441, 1087.05
4442, 1087.07
4443, 1087.12
4444, 1087.14
4445, 1087.28
4446, 1087.29
4447, 1087.35
4448, 1087.46
4449, 1087.48
4450, 1087.51
4451, 1087.56
4452, 1087.6
4453, 1087.61
4454, 1087.67
4455, 1087.67
4456, 1087.7
4457, 1087.86
4458, 1087.88
4459, 1087.96
4460, 1088.1
4461, 1088.15
4462, 1088.28
4463, 1088.36
4464, 1088.59
4465, 1088.61
4466, 1088.63
4467, 1088.64
4468, 1088.7
4469, 1088.7
4470, 1088.74
4471, 1088.78
4472, 1088.84
4473, 1088.93
4474, 1088.95
4475, 1089
4476, 1089.12
4477, 1089.28
4478, 1089.39
4479, 1089.42
4480, 1089.48
4481, 1089.51
4482, 1089.78
4483, 1089.89
4484, 1089.93
4485, 1090
4486, 1090.02
4487, 1090.04
4488, 1090.11
4489, 1090.33
4490, 1090.42
4491, 1090.74
4492, 1090.9
4493, 1091.63
4494, 1092.48
4495, 1092.61
4496, 1092.74
4497, 1093.1
---------------------------------------------------------------------------------------
 #bytes #iterations    t_min[usec]    t_max[usec]  t_typical[usec]    t_avg[usec]    t_stdev[usec]   99% percentile[usec]   99.9% percentile[usec] 
 2       4500          2.31           17579.77      1058.99  	       1032.32     	158.86 		1087.67 		1092.48
---------------------------------------------------------------------------------------
