Conflicting CPU frequency values detected: 802.087000 != 2100.000000. CPU Frequency is not max.
Conflicting CPU frequency values detected: 800.000000 != 2100.000000. CPU Frequency is not max.
Disabling dynamic polling
---------------------------------------------------------------------------------------
                    RDMA_Write Latency Test
 Dual-port       : OFF		Device         : mlx5_10
 Number of qps   : 1		Transport type : IB
 Connection type : RC		Using SRQ      : OFF
 PCIe relax order: OFF		Lock-free      : OFF
 ibv_wr* API     : ON		Using Enhanced Reorder      : OFF
 TX depth        : 1
 Mtu             : 1024[B]
 Link type       : Ethernet
 GID index       : 3
 Max inline data : 220[B]
 rdma_cm QPs	 : OFF
 Data ex. method : Ethernet
---------------------------------------------------------------------------------------
 local address: LID 0000 QPN 0x01c6 PSN 0xa6c430 RKey 0x04cf00 VAddr 0x0055918ce02000
 GID: 00:00:00:00:00:00:00:00:00:00:255:255:10:01:04:01
 remote address: LID 0000 QPN 0x01ce PSN 0x458bd9 RKey 0x04cf00 VAddr 0x00563911cc5000
 GID: 00:00:00:00:00:00:00:00:00:00:255:255:10:01:04:02
---------------------------------------------------------------------------------------
 #bytes #iterations    t_min[usec]    t_max[usec]  t_typical[usec]    t_avg[usec]    t_stdev[usec]   99% percentile[usec]   99.9% percentile[usec] 
#, usec
1, 2.20821
2, 2.21344
3, 2.21583
4, 2.2163
5, 2.21964
6, 2.22916
7, 2.23249
8, 2.23773
9, 2.24011
10, 2.24297
11, 2.25011
12, 2.25297
13, 2.25821
14, 2.26392
15, 2.26773
16, 2.26869
17, 2.26916
18, 2.26964
19, 2.27297
20, 2.27726
21, 2.27916
22, 2.27964
23, 2.28059
24, 2.28392
25, 2.28392
26, 2.29011
27, 2.29011
28, 2.29773
29, 2.29964
30, 2.3044
31, 2.30631
32, 2.30726
33, 2.30773
34, 2.31012
35, 2.31345
36, 2.31345
37, 2.3144
38, 2.31535
39, 2.32012
40, 2.32059
41, 2.32107
42, 2.32155
43, 2.3225
44, 2.32488
45, 2.32678
46, 2.32726
47, 2.32821
48, 2.32916
49, 2.33012
50, 2.33012
51, 2.3325
52, 2.3344
53, 2.33583
54, 2.33631
55, 2.33631
56, 2.33869
57, 2.33869
58, 2.34345
59, 2.3444
60, 2.34536
61, 2.34583
62, 2.34631
63, 2.34631
64, 2.34821
65, 2.35059
66, 2.35059
67, 2.35155
68, 2.35155
69, 2.35345
70, 2.35488
71, 2.35488
72, 2.35488
73, 2.35678
74, 2.35726
75, 2.35869
76, 2.36107
77, 2.36488
78, 2.36536
79, 2.36679
80, 2.36869
81, 2.3706
82, 2.37107
83, 2.37155
84, 2.37155
85, 2.37298
86, 2.38012
87, 2.38202
88, 2.38202
89, 2.38298
90, 2.38345
91, 2.38488
92, 2.38488
93, 2.38583
94, 2.38726
95, 2.38774
96, 2.38964
97, 2.39107
98, 2.39155
99, 2.39393
100, 2.39726
101, 2.39822
102, 2.39869
103, 2.40107
104, 2.40393
105, 2.40488
106, 2.40583
107, 2.41107
108, 2.41203
109, 2.41869
110, 2.41965
111, 2.42107
112, 2.42155
113, 2.42441
114, 2.42441
115, 2.42488
116, 2.42536
117, 2.42679
118, 2.42822
119, 2.42869
120, 2.42869
121, 2.43107
122, 2.43107
123, 2.43155
124, 2.4325
125, 2.43298
126, 2.43346
127, 2.43584
128, 2.44155
129, 2.44298
130, 2.44298
131, 2.44536
132, 2.44584
133, 2.44679
134, 2.44774
135, 2.44917
136, 2.45108
137, 2.45203
138, 2.45441
139, 2.45679
140, 2.45727
141, 2.4606
142, 2.46155
143, 2.4687
144, 2.47012
145, 2.47108
146, 2.4725
147, 2.48108
148, 2.48108
149, 2.48251
150, 2.48441
151, 2.4887
152, 2.48917
153, 2.49203
154, 2.49965
155, 2.51727
156, 2.5187
157, 2.52727
158, 2.53489
159, 2.54441
160, 2.55108
161, 2.56394
162, 2.57965
163, 2.62299
164, 2.62489
165, 2.65918
166, 2.70918
167, 2.71728
168, 3.17349
169, 3.78209
170, 3.86162
171, 3.89353
172, 4.13116
173, 212.906
174, 905.197
175, 922.948
176, 924.805
177, 933.541
178, 934.049
179, 941.774
180, 943.948
181, 947.257
182, 952.489
183, 952.683
184, 953.042
185, 953.676
186, 954.228
187, 954.652
188, 956.635
189, 956.655
190, 960.187
191, 960.727
192, 960.944
193, 961.194
194, 961.611
195, 961.759
196, 962.079
197, 962.114
198, 962.352
199, 963.102
200, 963.352
201, 964.468
202, 964.976
203, 965.212
204, 965.322
205, 965.84
206, 965.863
207, 966.203
208, 966.379
209, 966.97
210, 967.605
211, 969.133
212, 969.923
213, 969.958
214, 971.403
215, 971.557
216, 971.561
217, 971.611
218, 971.999
219, 972.415
220, 973.264
221, 973.717
222, 973.815
223, 973.919
224, 973.921
225, 974.156
226, 974.17
227, 974.351
228, 974.353
229, 974.866
230, 975.106
231, 975.287
232, 975.937
233, 976.016
234, 976.04
235, 976.144
236, 976.25
237, 976.303
238, 976.565
239, 976.595
240, 976.84
241, 976.983
242, 977.039
243, 977.094
244, 977.518
245, 977.92
246, 978.029
247, 978.076
248, 978.098
249, 978.388
250, 978.613
251, 978.657
252, 978.706
253, 978.765
254, 979.314
255, 979.47
256, 979.715
257, 979.721
258, 979.901
259, 979.925
260, 979.967
261, 980.181
262, 980.209
263, 980.349
264, 980.408
265, 980.767
266, 981.286
267, 981.648
268, 982.106
269, 982.243
270, 982.812
271, 982.856
272, 982.932
273, 983.106
274, 983.198
275, 983.212
276, 983.265
277, 983.374
278, 983.671
279, 983.687
280, 983.702
281, 983.769
282, 984.073
283, 984.192
284, 984.351
285, 984.487
286, 984.537
287, 984.566
288, 984.677
289, 984.713
290, 984.774
291, 984.776
292, 984.9
293, 985
294, 985.057
295, 985.112
296, 985.312
297, 985.495
298, 985.498
299, 985.577
300, 985.616
301, 985.619
302, 985.791
303, 985.816
304, 986.006
305, 986.015
306, 986.321
307, 986.455
308, 986.655
309, 986.795
310, 986.85
311, 986.909
312, 987.105
313, 987.33
314, 987.431
315, 987.508
316, 987.973
317, 988.377
318, 988.6
319, 988.604
320, 988.673
321, 988.747
322, 989.339
323, 989.469
324, 989.773
325, 989.94
326, 990.124
327, 990.147
328, 990.446
329, 990.641
330, 990.819
331, 990.919
332, 991.141
333, 991.172
334, 991.221
335, 991.303
336, 991.685
337, 991.742
338, 991.794
339, 991.804
340, 991.987
341, 992.095
342, 992.219
343, 992.307
344, 992.354
345, 992.513
346, 992.594
347, 992.78
348, 992.814
349, 992.845
350, 992.857
351, 992.992
352, 993.152
353, 993.211
354, 993.62
355, 993.656
356, 993.745
357, 993.801
358, 993.887
359, 993.956
360, 993.98
361, 994.163
362, 994.266
363, 994.266
364, 994.395
365, 994.426
366, 994.729
367, 994.855
368, 994.869
369, 994.895
370, 995.306
371, 995.75
372, 995.835
373, 995.999
374, 996.067
375, 996.093
376, 996.101
377, 996.139
378, 996.146
379, 996.2
380, 996.464
381, 996.601
382, 996.757
383, 997
384, 997.066
385, 997.372
386, 997.574
387, 997.601
388, 997.633
389, 997.643
390, 997.687
391, 997.768
392, 997.794
393, 997.805
394, 997.881
395, 997.897
396, 997.95
397, 997.963
398, 997.969
399, 998.115
400, 998.141
401, 998.205
402, 998.262
403, 998.469
404, 998.502
405, 998.599
406, 998.659
407, 998.81
408, 998.896
409, 999.01
410, 999.032
411, 999.083
412, 999.215
413, 999.245
414, 999.424
415, 999.819
416, 999.875
417, 1000.02
418, 1000.17
419, 1000.25
420, 1000.3
421, 1000.53
422, 1000.57
423, 1000.75
424, 1000.92
425, 1001.03
426, 1001.13
427, 1001.26
428, 1001.34
429, 1001.36
430, 1001.46
431, 1001.53
432, 1001.71
433, 1001.92
434, 1001.97
435, 1002.19
436, 1002.25
437, 1002.62
438, 1002.62
439, 1002.64
440, 1002.65
441, 1002.68
442, 1002.68
443, 1002.69
444, 1002.69
445, 1002.86
446, 1003.04
447, 1003.05
448, 1003.34
449, 1003.38
450, 1003.57
451, 1003.62
452, 1003.78
453, 1003.89
454, 1003.9
455, 1003.91
456, 1003.93
457, 1004.11
458, 1004.12
459, 1004.22
460, 1004.31
461, 1004.32
462, 1004.55
463, 1004.76
464, 1004.82
465, 1004.85
466, 1004.88
467, 1005
468, 1005.06
469, 1005.26
470, 1005.36
471, 1005.43
472, 1005.46
473, 1005.56
474, 1005.57
475, 1005.66
476, 1005.68
477, 1005.71
478, 1005.75
479, 1005.92
480, 1006.03
481, 1006.1
482, 1006.28
483, 1006.39
484, 1006.39
485, 1006.55
486, 1006.65
487, 1006.68
488, 1006.68
489, 1006.71
490, 1006.8
491, 1006.83
492, 1006.85
493, 1006.96
494, 1007.03
495, 1007.05
496, 1007.07
497, 1007.16
498, 1007.39
499, 1007.46
500, 1007.55
501, 1007.66
502, 1007.69
503, 1007.77
504, 1007.85
505, 1007.86
506, 1007.96
507, 1007.98
508, 1008.5
509, 1008.61
510, 1008.66
511, 1008.73
512, 1008.78
513, 1009.08
514, 1009.09
515, 1009.11
516, 1009.15
517, 1009.17
518, 1009.18
519, 1009.18
520, 1009.24
521, 1009.29
522, 1009.3
523, 1009.4
524, 1009.66
525, 1009.73
526, 1010.02
527, 1010.31
528, 1010.37
529, 1010.42
530, 1010.51
531, 1010.53
532, 1010.55
533, 1010.58
534, 1010.7
535, 1010.73
536, 1010.75
537, 1010.89
538, 1010.95
539, 1011
540, 1011.01
541, 1011.22
542, 1011.32
543, 1011.4
544, 1011.49
545, 1011.49
546, 1011.53
547, 1011.54
548, 1011.62
549, 1011.72
550, 1011.81
551, 1012
552, 1012.18
553, 1012.22
554, 1012.23
555, 1012.4
556, 1012.43
557, 1012.44
558, 1012.51
559, 1012.52
560, 1012.67
561, 1012.77
562, 1012.77
563, 1012.81
564, 1012.92
565, 1012.98
566, 1013.01
567, 1013.12
568, 1013.21
569, 1013.26
570, 1013.29
571, 1013.3
572, 1013.33
573, 1013.37
574, 1013.41
575, 1013.43
576, 1013.47
577, 1013.59
578, 1013.68
579, 1013.79
580, 1013.84
581, 1013.85
582, 1013.88
583, 1013.91
584, 1014.08
585, 1014.1
586, 1014.17
587, 1014.19
588, 1014.21
589, 1014.43
590, 1014.46
591, 1014.52
592, 1014.54
593, 1014.54
594, 1014.69
595, 1014.74
596, 1014.81
597, 1014.84
598, 1014.89
599, 1014.91
600, 1014.92
601, 1014.96
602, 1015.22
603, 1015.26
604, 1015.35
605, 1015.35
606, 1015.36
607, 1015.43
608, 1015.46
609, 1015.64
610, 1015.67
611, 1015.73
612, 1015.73
613, 1015.88
614, 1015.98
615, 1016.05
616, 1016.06
617, 1016.14
618, 1016.14
619, 1016.21
620, 1016.27
621, 1016.3
622, 1016.31
623, 1016.38
624, 1016.4
625, 1016.4
626, 1016.4
627, 1016.45
628, 1016.49
629, 1016.56
630, 1016.58
631, 1016.63
632, 1016.7
633, 1016.75
634, 1016.78
635, 1016.86
636, 1016.88
637, 1016.89
638, 1016.93
639, 1016.93
640, 1016.95
641, 1017.05
642, 1017.05
643, 1017.12
644, 1017.13
645, 1017.17
646, 1017.25
647, 1017.25
648, 1017.27
649, 1017.3
650, 1017.31
651, 1017.36
652, 1017.47
653, 1017.49
654, 1017.79
655, 1017.81
656, 1017.85
657, 1017.86
658, 1017.87
659, 1017.99
660, 1018.04
661, 1018.04
662, 1018.19
663, 1018.2
664, 1018.24
665, 1018.24
666, 1018.26
667, 1018.34
668, 1018.38
669, 1018.39
670, 1018.42
671, 1018.44
672, 1018.5
673, 1018.51
674, 1018.57
675, 1018.73
676, 1018.8
677, 1018.84
678, 1018.87
679, 1018.88
680, 1018.89
681, 1018.93
682, 1018.97
683, 1018.98
684, 1019.06
685, 1019.08
686, 1019.1
687, 1019.15
688, 1019.26
689, 1019.32
690, 1019.35
691, 1019.35
692, 1019.72
693, 1019.72
694, 1019.79
695, 1019.82
696, 1019.84
697, 1019.9
698, 1019.95
699, 1020.06
700, 1020.07
701, 1020.07
702, 1020.1
703, 1020.13
704, 1020.17
705, 1020.19
706, 1020.21
707, 1020.33
708, 1020.39
709, 1020.43
710, 1020.47
711, 1020.59
712, 1020.65
713, 1020.67
714, 1020.77
715, 1020.79
716, 1020.89
717, 1020.92
718, 1020.99
719, 1021.02
720, 1021.09
721, 1021.13
722, 1021.14
723, 1021.21
724, 1021.22
725, 1021.23
726, 1021.28
727, 1021.32
728, 1021.37
729, 1021.48
730, 1021.48
731, 1021.48
732, 1021.49
733, 1021.57
734, 1021.65
735, 1021.65
736, 1021.67
737, 1021.79
738, 1021.82
739, 1021.85
740, 1021.92
741, 1021.96
742, 1021.97
743, 1021.97
744, 1021.98
745, 1022
746, 1022.11
747, 1022.14
748, 1022.15
749, 1022.25
750, 1022.26
751, 1022.27
752, 1022.29
753, 1022.32
754, 1022.35
755, 1022.45
756, 1022.48
757, 1022.53
758, 1022.54
759, 1022.74
760, 1022.74
761, 1022.79
762, 1022.8
763, 1022.85
764, 1022.89
765, 1022.99
766, 1023.04
767, 1023.04
768, 1023.13
769, 1023.16
770, 1023.24
771, 1023.26
772, 1023.29
773, 1023.33
774, 1023.33
775, 1023.4
776, 1023.4
777, 1023.45
778, 1023.45
779, 1023.48
780, 1023.49
781, 1023.55
782, 1023.58
783, 1023.7
784, 1023.71
785, 1023.76
786, 1023.76
787, 1023.81
788, 1023.83
789, 1023.87
790, 1023.95
791, 1023.96
792, 1023.97
793, 1023.98
794, 1024.03
795, 1024.03
796, 1024.18
797, 1024.26
798, 1024.32
799, 1024.57
800, 1024.59
801, 1024.6
802, 1024.62
803, 1024.62
804, 1024.71
805, 1024.75
806, 1024.89
807, 1024.91
808, 1024.94
809, 1024.98
810, 1024.98
811, 1025.11
812, 1025.13
813, 1025.17
814, 1025.23
815, 1025.25
816, 1025.27
817, 1025.3
818, 1025.3
819, 1025.34
820, 1025.38
821, 1025.42
822, 1025.5
823, 1025.58
824, 1025.63
825, 1025.64
826, 1025.8
827, 1025.85
828, 1025.92
829, 1025.97
830, 1026.06
831, 1026.24
832, 1026.33
833, 1026.34
834, 1026.37
835, 1026.46
836, 1026.47
837, 1026.51
838, 1026.58
839, 1026.58
840, 1026.62
841, 1026.62
842, 1026.63
843, 1026.67
844, 1026.75
845, 1026.76
846, 1026.77
847, 1026.78
848, 1026.79
849, 1026.8
850, 1026.8
851, 1026.8
852, 1026.81
853, 1026.88
854, 1026.9
855, 1027.03
856, 1027.06
857, 1027.09
858, 1027.16
859, 1027.24
860, 1027.26
861, 1027.27
862, 1027.27
863, 1027.37
864, 1027.46
865, 1027.51
866, 1027.54
867, 1027.58
868, 1027.59
869, 1027.68
870, 1027.8
871, 1027.81
872, 1027.85
873, 1027.98
874, 1028.02
875, 1028.05
876, 1028.08
877, 1028.12
878, 1028.19
879, 1028.2
880, 1028.23
881, 1028.28
882, 1028.31
883, 1028.35
884, 1028.36
885, 1028.37
886, 1028.41
887, 1028.48
888, 1028.5
889, 1028.52
890, 1028.55
891, 1028.57
892, 1028.58
893, 1028.61
894, 1028.65
895, 1028.67
896, 1028.67
897, 1028.68
898, 1028.68
899, 1028.74
900, 1028.77
901, 1028.86
902, 1028.94
903, 1028.95
904, 1028.96
905, 1028.99
906, 1029.02
907, 1029.03
908, 1029.04
909, 1029.16
910, 1029.26
911, 1029.29
912, 1029.33
913, 1029.33
914, 1029.34
915, 1029.36
916, 1029.39
917, 1029.45
918, 1029.46
919, 1029.47
920, 1029.48
921, 1029.49
922, 1029.51
923, 1029.51
924, 1029.53
925, 1029.62
926, 1029.78
927, 1029.8
928, 1029.86
929, 1029.91
930, 1029.95
931, 1030.05
932, 1030.09
933, 1030.1
934, 1030.12
935, 1030.13
936, 1030.13
937, 1030.18
938, 1030.19
939, 1030.2
940, 1030.24
941, 1030.24
942, 1030.26
943, 1030.26
944, 1030.28
945, 1030.37
946, 1030.37
947, 1030.4
948, 1030.46
949, 1030.46
950, 1030.48
951, 1030.5
952, 1030.51
953, 1030.52
954, 1030.54
955, 1030.55
956, 1030.56
957, 1030.63
958, 1030.63
959, 1030.64
960, 1030.68
961, 1030.68
962, 1030.71
963, 1030.73
964, 1030.78
965, 1030.86
966, 1030.87
967, 1030.89
968, 1030.91
969, 1030.95
970, 1031.07
971, 1031.11
972, 1031.12
973, 1031.12
974, 1031.14
975, 1031.2
976, 1031.21
977, 1031.21
978, 1031.22
979, 1031.22
980, 1031.26
981, 1031.31
982, 1031.33
983, 1031.34
984, 1031.39
985, 1031.48
986, 1031.49
987, 1031.5
988, 1031.51
989, 1031.53
990, 1031.55
991, 1031.55
992, 1031.56
993, 1031.57
994, 1031.63
995, 1031.67
996, 1031.78
997, 1031.78
998, 1031.87
999, 1031.87
1000, 1031.88
1001, 1031.89
1002, 1031.9
1003, 1031.9
1004, 1031.93
1005, 1031.94
1006, 1031.95
1007, 1031.97
1008, 1031.99
1009, 1032.05
1010, 1032.06
1011, 1032.07
1012, 1032.08
1013, 1032.08
1014, 1032.13
1015, 1032.14
1016, 1032.21
1017, 1032.22
1018, 1032.26
1019, 1032.31
1020, 1032.32
1021, 1032.36
1022, 1032.36
1023, 1032.45
1024, 1032.46
1025, 1032.47
1026, 1032.53
1027, 1032.54
1028, 1032.55
1029, 1032.56
1030, 1032.58
1031, 1032.59
1032, 1032.59
1033, 1032.6
1034, 1032.63
1035, 1032.63
1036, 1032.64
1037, 1032.65
1038, 1032.65
1039, 1032.7
1040, 1032.7
1041, 1032.7
1042, 1032.72
1043, 1032.77
1044, 1032.81
1045, 1032.84
1046, 1032.85
1047, 1032.85
1048, 1032.92
1049, 1032.94
1050, 1032.94
1051, 1033.02
1052, 1033.03
1053, 1033.06
1054, 1033.09
1055, 1033.23
1056, 1033.31
1057, 1033.32
1058, 1033.32
1059, 1033.37
1060, 1033.37
1061, 1033.38
1062, 1033.45
1063, 1033.46
1064, 1033.51
1065, 1033.58
1066, 1033.69
1067, 1033.82
1068, 1033.86
1069, 1033.89
1070, 1033.89
1071, 1033.89
1072, 1033.91
1073, 1033.93
1074, 1033.96
1075, 1033.97
1076, 1033.99
1077, 1034.01
1078, 1034.01
1079, 1034.02
1080, 1034.07
1081, 1034.07
1082, 1034.08
1083, 1034.12
1084, 1034.13
1085, 1034.16
1086, 1034.24
1087, 1034.27
1088, 1034.3
1089, 1034.3
1090, 1034.32
1091, 1034.36
1092, 1034.37
1093, 1034.38
1094, 1034.42
1095, 1034.43
1096, 1034.46
1097, 1034.47
1098, 1034.48
1099, 1034.5
1100, 1034.53
1101, 1034.58
1102, 1034.63
1103, 1034.64
1104, 1034.71
1105, 1034.76
1106, 1034.78
1107, 1034.8
1108, 1034.8
1109, 1034.84
1110, 1034.85
1111, 1034.97
1112, 1034.98
1113, 1034.99
1114, 1035.01
1115, 1035.02
1116, 1035.04
1117, 1035.07
1118, 1035.08
1119, 1035.1
1120, 1035.11
1121, 1035.11
1122, 1035.14
1123, 1035.16
1124, 1035.17
1125, 1035.2
1126, 1035.27
1127, 1035.29
1128, 1035.3
1129, 1035.33
1130, 1035.35
1131, 1035.39
1132, 1035.39
1133, 1035.43
1134, 1035.6
1135, 1035.61
1136, 1035.61
1137, 1035.61
1138, 1035.62
1139, 1035.62
1140, 1035.62
1141, 1035.63
1142, 1035.67
1143, 1035.73
1144, 1035.75
1145, 1035.79
1146, 1035.8
1147, 1035.8
1148, 1035.81
1149, 1035.82
1150, 1036
1151, 1036.03
1152, 1036.04
1153, 1036.06
1154, 1036.11
1155, 1036.14
1156, 1036.15
1157, 1036.19
1158, 1036.24
1159, 1036.28
1160, 1036.29
1161, 1036.32
1162, 1036.4
1163, 1036.44
1164, 1036.51
1165, 1036.51
1166, 1036.53
1167, 1036.66
1168, 1036.66
1169, 1036.73
1170, 1036.77
1171, 1036.82
1172, 1036.86
1173, 1036.87
1174, 1036.87
1175, 1036.89
1176, 1036.89
1177, 1036.92
1178, 1036.94
1179, 1036.96
1180, 1036.98
1181, 1036.99
1182, 1037.01
1183, 1037.03
1184, 1037.04
1185, 1037.07
1186, 1037.16
1187, 1037.2
1188, 1037.23
1189, 1037.29
1190, 1037.29
1191, 1037.31
1192, 1037.31
1193, 1037.34
1194, 1037.36
1195, 1037.36
1196, 1037.37
1197, 1037.39
1198, 1037.43
1199, 1037.44
1200, 1037.47
1201, 1037.48
1202, 1037.53
1203, 1037.54
1204, 1037.55
1205, 1037.62
1206, 1037.66
1207, 1037.67
1208, 1037.72
1209, 1037.74
1210, 1037.74
1211, 1037.75
1212, 1037.78
1213, 1037.79
1214, 1037.89
1215, 1037.9
1216, 1037.96
1217, 1037.98
1218, 1038
1219, 1038.01
1220, 1038.03
1221, 1038.09
1222, 1038.11
1223, 1038.14
1224, 1038.16
1225, 1038.2
1226, 1038.28
1227, 1038.31
1228, 1038.32
1229, 1038.36
1230, 1038.46
1231, 1038.47
1232, 1038.49
1233, 1038.51
1234, 1038.52
1235, 1038.52
1236, 1038.55
1237, 1038.6
1238, 1038.67
1239, 1038.68
1240, 1038.74
1241, 1038.78
1242, 1038.85
1243, 1038.85
1244, 1038.85
1245, 1038.89
1246, 1038.92
1247, 1038.92
1248, 1038.93
1249, 1038.94
1250, 1038.95
1251, 1038.99
1252, 1039.01
1253, 1039.01
1254, 1039.01
1255, 1039.01
1256, 1039.02
1257, 1039.02
1258, 1039.07
1259, 1039.1
1260, 1039.1
1261, 1039.12
1262, 1039.12
1263, 1039.13
1264, 1039.18
1265, 1039.2
1266, 1039.25
1267, 1039.25
1268, 1039.26
1269, 1039.27
1270, 1039.29
1271, 1039.34
1272, 1039.35
1273, 1039.36
1274, 1039.37
1275, 1039.37
1276, 1039.38
1277, 1039.38
1278, 1039.5
1279, 1039.5
1280, 1039.52
1281, 1039.54
1282, 1039.55
1283, 1039.56
1284, 1039.56
1285, 1039.59
1286, 1039.63
1287, 1039.65
1288, 1039.68
1289, 1039.77
1290, 1039.77
1291, 1039.78
1292, 1039.78
1293, 1039.84
1294, 1039.86
1295, 1039.87
1296, 1039.92
1297, 1039.94
1298, 1039.94
1299, 1039.95
1300, 1040.01
1301, 1040.05
1302, 1040.08
1303, 1040.12
1304, 1040.14
1305, 1040.18
1306, 1040.19
1307, 1040.2
1308, 1040.23
1309, 1040.24
1310, 1040.25
1311, 1040.25
1312, 1040.28
1313, 1040.29
1314, 1040.31
1315, 1040.32
1316, 1040.33
1317, 1040.36
1318, 1040.36
1319, 1040.37
1320, 1040.38
1321, 1040.4
1322, 1040.43
1323, 1040.44
1324, 1040.5
1325, 1040.51
1326, 1040.56
1327, 1040.58
1328, 1040.6
1329, 1040.6
1330, 1040.61
1331, 1040.65
1332, 1040.66
1333, 1040.66
1334, 1040.71
1335, 1040.76
1336, 1040.76
1337, 1040.77
1338, 1040.8
1339, 1040.8
1340, 1040.81
1341, 1040.81
1342, 1040.83
1343, 1040.83
1344, 1040.85
1345, 1040.85
1346, 1040.86
1347, 1040.86
1348, 1040.87
1349, 1040.88
1350, 1040.91
1351, 1040.95
1352, 1040.96
1353, 1040.97
1354, 1040.98
1355, 1041
1356, 1041.06
1357, 1041.07
1358, 1041.11
1359, 1041.12
1360, 1041.13
1361, 1041.14
1362, 1041.16
1363, 1041.18
1364, 1041.19
1365, 1041.21
1366, 1041.22
1367, 1041.23
1368, 1041.23
1369, 1041.24
1370, 1041.25
1371, 1041.28
1372, 1041.31
1373, 1041.32
1374, 1041.34
1375, 1041.37
1376, 1041.41
1377, 1041.45
1378, 1041.46
1379, 1041.47
1380, 1041.49
1381, 1041.5
1382, 1041.52
1383, 1041.57
1384, 1041.58
1385, 1041.59
1386, 1041.6
1387, 1041.61
1388, 1041.61
1389, 1041.61
1390, 1041.63
1391, 1041.64
1392, 1041.66
1393, 1041.67
1394, 1041.71
1395, 1041.71
1396, 1041.71
1397, 1041.72
1398, 1041.75
1399, 1041.79
1400, 1041.81
1401, 1041.85
1402, 1041.89
1403, 1041.9
1404, 1041.91
1405, 1041.92
1406, 1041.96
1407, 1042
1408, 1042.01
1409, 1042.03
1410, 1042.06
1411, 1042.09
1412, 1042.13
1413, 1042.14
1414, 1042.16
1415, 1042.17
1416, 1042.19
1417, 1042.2
1418, 1042.22
1419, 1042.23
1420, 1042.28
1421, 1042.31
1422, 1042.33
1423, 1042.33
1424, 1042.34
1425, 1042.35
1426, 1042.36
1427, 1042.4
1428, 1042.41
1429, 1042.42
1430, 1042.43
1431, 1042.43
1432, 1042.43
1433, 1042.48
1434, 1042.5
1435, 1042.51
1436, 1042.52
1437, 1042.54
1438, 1042.55
1439, 1042.55
1440, 1042.56
1441, 1042.56
1442, 1042.58
1443, 1042.63
1444, 1042.63
1445, 1042.68
1446, 1042.69
1447, 1042.7
1448, 1042.72
1449, 1042.72
1450, 1042.75
1451, 1042.8
1452, 1042.87
1453, 1042.87
1454, 1042.89
1455, 1042.89
1456, 1042.91
1457, 1042.92
1458, 1042.94
1459, 1042.95
1460, 1042.96
1461, 1042.97
1462, 1042.99
1463, 1043.02
1464, 1043.05
1465, 1043.05
1466, 1043.14
1467, 1043.17
1468, 1043.18
1469, 1043.2
1470, 1043.21
1471, 1043.21
1472, 1043.22
1473, 1043.23
1474, 1043.27
1475, 1043.29
1476, 1043.35
1477, 1043.36
1478, 1043.37
1479, 1043.37
1480, 1043.39
1481, 1043.4
1482, 1043.43
1483, 1043.46
1484, 1043.49
1485, 1043.5
1486, 1043.53
1487, 1043.53
1488, 1043.58
1489, 1043.59
1490, 1043.61
1491, 1043.64
1492, 1043.64
1493, 1043.68
1494, 1043.68
1495, 1043.71
1496, 1043.72
1497, 1043.72
1498, 1043.73
1499, 1043.73
1500, 1043.78
1501, 1043.81
1502, 1043.84
1503, 1043.85
1504, 1043.87
1505, 1043.89
1506, 1043.9
1507, 1043.94
1508, 1043.96
1509, 1043.98
1510, 1043.99
1511, 1044.04
1512, 1044.11
1513, 1044.11
1514, 1044.13
1515, 1044.15
1516, 1044.16
1517, 1044.17
1518, 1044.17
1519, 1044.19
1520, 1044.22
1521, 1044.25
1522, 1044.26
1523, 1044.28
1524, 1044.31
1525, 1044.31
1526, 1044.4
1527, 1044.4
1528, 1044.45
1529, 1044.52
1530, 1044.53
1531, 1044.54
1532, 1044.55
1533, 1044.57
1534, 1044.63
1535, 1044.63
1536, 1044.64
1537, 1044.64
1538, 1044.65
1539, 1044.72
1540, 1044.73
1541, 1044.73
1542, 1044.74
1543, 1044.79
1544, 1044.79
1545, 1044.8
1546, 1044.82
1547, 1044.83
1548, 1044.83
1549, 1044.84
1550, 1044.87
1551, 1044.89
1552, 1044.93
1553, 1044.94
1554, 1044.97
1555, 1045.02
1556, 1045.03
1557, 1045.06
1558, 1045.07
1559, 1045.13
1560, 1045.15
1561, 1045.17
1562, 1045.18
1563, 1045.2
1564, 1045.24
1565, 1045.28
1566, 1045.29
1567, 1045.33
1568, 1045.34
1569, 1045.38
1570, 1045.38
1571, 1045.41
1572, 1045.41
1573, 1045.47
1574, 1045.49
1575, 1045.5
1576, 1045.52
1577, 1045.55
1578, 1045.56
1579, 1045.6
1580, 1045.63
1581, 1045.65
1582, 1045.66
1583, 1045.68
1584, 1045.68
1585, 1045.68
1586, 1045.69
1587, 1045.73
1588, 1045.74
1589, 1045.77
1590, 1045.79
1591, 1045.8
1592, 1045.84
1593, 1045.86
1594, 1045.89
1595, 1045.9
1596, 1045.93
1597, 1045.95
1598, 1045.97
1599, 1045.98
1600, 1046
1601, 1046
1602, 1046.03
1603, 1046.04
1604, 1046.07
1605, 1046.09
1606, 1046.11
1607, 1046.13
1608, 1046.16
1609, 1046.17
1610, 1046.19
1611, 1046.19
1612, 1046.21
1613, 1046.24
1614, 1046.28
1615, 1046.28
1616, 1046.28
1617, 1046.3
1618, 1046.3
1619, 1046.32
1620, 1046.32
1621, 1046.34
1622, 1046.38
1623, 1046.4
1624, 1046.45
1625, 1046.5
1626, 1046.53
1627, 1046.55
1628, 1046.56
1629, 1046.58
1630, 1046.64
1631, 1046.66
1632, 1046.66
1633, 1046.68
1634, 1046.68
1635, 1046.74
1636, 1046.74
1637, 1046.75
1638, 1046.77
1639, 1046.77
1640, 1046.77
1641, 1046.79
1642, 1046.81
1643, 1046.82
1644, 1046.83
1645, 1046.84
1646, 1046.85
1647, 1046.86
1648, 1046.86
1649, 1046.88
1650, 1046.95
1651, 1046.96
1652, 1047.02
1653, 1047.05
1654, 1047.08
1655, 1047.1
1656, 1047.13
1657, 1047.14
1658, 1047.15
1659, 1047.15
1660, 1047.15
1661, 1047.16
1662, 1047.18
1663, 1047.19
1664, 1047.2
1665, 1047.2
1666, 1047.2
1667, 1047.28
1668, 1047.34
1669, 1047.34
1670, 1047.34
1671, 1047.34
1672, 1047.35
1673, 1047.39
1674, 1047.4
1675, 1047.44
1676, 1047.45
1677, 1047.45
1678, 1047.48
1679, 1047.53
1680, 1047.54
1681, 1047.54
1682, 1047.59
1683, 1047.61
1684, 1047.62
1685, 1047.62
1686, 1047.67
1687, 1047.67
1688, 1047.72
1689, 1047.75
1690, 1047.79
1691, 1047.84
1692, 1047.84
1693, 1047.85
1694, 1047.88
1695, 1047.89
1696, 1047.93
1697, 1047.95
1698, 1047.98
1699, 1048
1700, 1048.02
1701, 1048.04
1702, 1048.09
1703, 1048.12
1704, 1048.16
1705, 1048.19
1706, 1048.19
1707, 1048.2
1708, 1048.25
1709, 1048.28
1710, 1048.29
1711, 1048.29
1712, 1048.31
1713, 1048.32
1714, 1048.34
1715, 1048.43
1716, 1048.43
1717, 1048.43
1718, 1048.45
1719, 1048.45
1720, 1048.47
1721, 1048.52
1722, 1048.54
1723, 1048.56
1724, 1048.57
1725, 1048.59
1726, 1048.6
1727, 1048.62
1728, 1048.63
1729, 1048.64
1730, 1048.66
1731, 1048.68
1732, 1048.7
1733, 1048.74
1734, 1048.75
1735, 1048.75
1736, 1048.76
1737, 1048.78
1738, 1048.8
1739, 1048.81
1740, 1048.82
1741, 1048.82
1742, 1048.84
1743, 1048.85
1744, 1048.89
1745, 1048.91
1746, 1048.92
1747, 1048.92
1748, 1048.98
1749, 1048.99
1750, 1049
1751, 1049.02
1752, 1049.04
1753, 1049.04
1754, 1049.04
1755, 1049.05
1756, 1049.05
1757, 1049.05
1758, 1049.05
1759, 1049.08
1760, 1049.08
1761, 1049.09
1762, 1049.1
1763, 1049.11
1764, 1049.17
1765, 1049.2
1766, 1049.2
1767, 1049.21
1768, 1049.21
1769, 1049.25
1770, 1049.26
1771, 1049.28
1772, 1049.29
1773, 1049.32
1774, 1049.34
1775, 1049.34
1776, 1049.35
1777, 1049.35
1778, 1049.37
1779, 1049.38
1780, 1049.38
1781, 1049.38
1782, 1049.38
1783, 1049.44
1784, 1049.44
1785, 1049.46
1786, 1049.46
1787, 1049.47
1788, 1049.49
1789, 1049.52
1790, 1049.52
1791, 1049.56
1792, 1049.56
1793, 1049.56
1794, 1049.57
1795, 1049.57
1796, 1049.59
1797, 1049.6
1798, 1049.67
1799, 1049.69
1800, 1049.72
1801, 1049.72
1802, 1049.76
1803, 1049.82
1804, 1049.87
1805, 1049.88
1806, 1049.9
1807, 1049.92
1808, 1049.93
1809, 1049.93
1810, 1049.95
1811, 1049.99
1812, 1050.02
1813, 1050.05
1814, 1050.06
1815, 1050.07
1816, 1050.08
1817, 1050.11
1818, 1050.11
1819, 1050.13
1820, 1050.14
1821, 1050.15
1822, 1050.15
1823, 1050.16
1824, 1050.17
1825, 1050.17
1826, 1050.22
1827, 1050.22
1828, 1050.25
1829, 1050.27
1830, 1050.29
1831, 1050.3
1832, 1050.31
1833, 1050.32
1834, 1050.32
1835, 1050.34
1836, 1050.36
1837, 1050.4
1838, 1050.42
1839, 1050.42
1840, 1050.43
1841, 1050.43
1842, 1050.48
1843, 1050.57
1844, 1050.59
1845, 1050.65
1846, 1050.65
1847, 1050.68
1848, 1050.68
1849, 1050.69
1850, 1050.71
1851, 1050.73
1852, 1050.76
1853, 1050.8
1854, 1050.85
1855, 1050.88
1856, 1050.89
1857, 1050.9
1858, 1050.91
1859, 1050.93
1860, 1050.94
1861, 1050.95
1862, 1050.98
1863, 1050.98
1864, 1051
1865, 1051.03
1866, 1051.03
1867, 1051.04
1868, 1051.06
1869, 1051.08
1870, 1051.08
1871, 1051.09
1872, 1051.11
1873, 1051.11
1874, 1051.14
1875, 1051.14
1876, 1051.16
1877, 1051.17
1878, 1051.18
1879, 1051.2
1880, 1051.22
1881, 1051.28
1882, 1051.29
1883, 1051.3
1884, 1051.31
1885, 1051.32
1886, 1051.36
1887, 1051.36
1888, 1051.37
1889, 1051.39
1890, 1051.39
1891, 1051.4
1892, 1051.41
1893, 1051.42
1894, 1051.43
1895, 1051.43
1896, 1051.45
1897, 1051.46
1898, 1051.46
1899, 1051.47
1900, 1051.48
1901, 1051.5
1902, 1051.5
1903, 1051.54
1904, 1051.57
1905, 1051.58
1906, 1051.61
1907, 1051.62
1908, 1051.63
1909, 1051.63
1910, 1051.71
1911, 1051.72
1912, 1051.75
1913, 1051.77
1914, 1051.78
1915, 1051.79
1916, 1051.8
1917, 1051.84
1918, 1051.86
1919, 1051.87
1920, 1051.88
1921, 1051.9
1922, 1051.9
1923, 1051.94
1924, 1051.96
1925, 1051.96
1926, 1051.96
1927, 1051.99
1928, 1052.01
1929, 1052.04
1930, 1052.05
1931, 1052.05
1932, 1052.05
1933, 1052.05
1934, 1052.05
1935, 1052.06
1936, 1052.06
1937, 1052.08
1938, 1052.09
1939, 1052.1
1940, 1052.11
1941, 1052.15
1942, 1052.18
1943, 1052.18
1944, 1052.19
1945, 1052.2
1946, 1052.24
1947, 1052.25
1948, 1052.26
1949, 1052.26
1950, 1052.27
1951, 1052.27
1952, 1052.28
1953, 1052.28
1954, 1052.29
1955, 1052.29
1956, 1052.29
1957, 1052.31
1958, 1052.35
1959, 1052.35
1960, 1052.37
1961, 1052.37
1962, 1052.39
1963, 1052.39
1964, 1052.42
1965, 1052.42
1966, 1052.44
1967, 1052.46
1968, 1052.46
1969, 1052.46
1970, 1052.48
1971, 1052.51
1972, 1052.52
1973, 1052.52
1974, 1052.54
1975, 1052.54
1976, 1052.56
1977, 1052.57
1978, 1052.59
1979, 1052.61
1980, 1052.61
1981, 1052.61
1982, 1052.62
1983, 1052.63
1984, 1052.64
1985, 1052.64
1986, 1052.65
1987, 1052.65
1988, 1052.66
1989, 1052.67
1990, 1052.69
1991, 1052.71
1992, 1052.72
1993, 1052.77
1994, 1052.77
1995, 1052.77
1996, 1052.78
1997, 1052.78
1998, 1052.79
1999, 1052.81
2000, 1052.81
2001, 1052.81
2002, 1052.83
2003, 1052.86
2004, 1052.88
2005, 1052.9
2006, 1052.9
2007, 1052.92
2008, 1052.95
2009, 1053.02
2010, 1053.05
2011, 1053.06
2012, 1053.07
2013, 1053.08
2014, 1053.09
2015, 1053.1
2016, 1053.12
2017, 1053.13
2018, 1053.14
2019, 1053.16
2020, 1053.17
2021, 1053.18
2022, 1053.2
2023, 1053.22
2024, 1053.23
2025, 1053.23
2026, 1053.24
2027, 1053.25
2028, 1053.25
2029, 1053.29
2030, 1053.3
2031, 1053.31
2032, 1053.31
2033, 1053.32
2034, 1053.32
2035, 1053.33
2036, 1053.34
2037, 1053.34
2038, 1053.36
2039, 1053.37
2040, 1053.38
2041, 1053.41
2042, 1053.42
2043, 1053.44
2044, 1053.45
2045, 1053.46
2046, 1053.46
2047, 1053.46
2048, 1053.5
2049, 1053.52
2050, 1053.57
2051, 1053.59
2052, 1053.61
2053, 1053.61
2054, 1053.64
2055, 1053.65
2056, 1053.66
2057, 1053.66
2058, 1053.71
2059, 1053.72
2060, 1053.77
2061, 1053.77
2062, 1053.77
2063, 1053.78
2064, 1053.8
2065, 1053.8
2066, 1053.8
2067, 1053.83
2068, 1053.83
2069, 1053.83
2070, 1053.84
2071, 1053.85
2072, 1053.85
2073, 1053.87
2074, 1053.87
2075, 1053.88
2076, 1053.88
2077, 1053.88
2078, 1053.9
2079, 1053.9
2080, 1053.91
2081, 1053.91
2082, 1053.91
2083, 1053.92
2084, 1053.92
2085, 1053.93
2086, 1053.93
2087, 1053.93
2088, 1053.94
2089, 1053.95
2090, 1053.96
2091, 1053.97
2092, 1053.98
2093, 1053.98
2094, 1053.99
2095, 1054.01
2096, 1054.03
2097, 1054.03
2098, 1054.05
2099, 1054.05
2100, 1054.07
2101, 1054.09
2102, 1054.13
2103, 1054.13
2104, 1054.15
2105, 1054.17
2106, 1054.19
2107, 1054.2
2108, 1054.2
2109, 1054.23
2110, 1054.27
2111, 1054.28
2112, 1054.29
2113, 1054.3
2114, 1054.32
2115, 1054.35
2116, 1054.35
2117, 1054.4
2118, 1054.42
2119, 1054.42
2120, 1054.43
2121, 1054.46
2122, 1054.46
2123, 1054.47
2124, 1054.5
2125, 1054.52
2126, 1054.52
2127, 1054.54
2128, 1054.55
2129, 1054.56
2130, 1054.59
2131, 1054.6
2132, 1054.61
2133, 1054.62
2134, 1054.62
2135, 1054.62
2136, 1054.62
2137, 1054.62
2138, 1054.63
2139, 1054.63
2140, 1054.63
2141, 1054.64
2142, 1054.65
2143, 1054.65
2144, 1054.65
2145, 1054.67
2146, 1054.69
2147, 1054.7
2148, 1054.71
2149, 1054.72
2150, 1054.72
2151, 1054.73
2152, 1054.73
2153, 1054.74
2154, 1054.76
2155, 1054.78
2156, 1054.78
2157, 1054.78
2158, 1054.8
2159, 1054.81
2160, 1054.81
2161, 1054.82
2162, 1054.82
2163, 1054.83
2164, 1054.83
2165, 1054.85
2166, 1054.89
2167, 1054.89
2168, 1054.89
2169, 1054.9
2170, 1054.93
2171, 1054.93
2172, 1054.94
2173, 1055.02
2174, 1055.04
2175, 1055.06
2176, 1055.08
2177, 1055.09
2178, 1055.1
2179, 1055.1
2180, 1055.11
2181, 1055.11
2182, 1055.14
2183, 1055.14
2184, 1055.14
2185, 1055.15
2186, 1055.16
2187, 1055.17
2188, 1055.19
2189, 1055.21
2190, 1055.22
2191, 1055.24
2192, 1055.29
2193, 1055.31
2194, 1055.32
2195, 1055.33
2196, 1055.36
2197, 1055.39
2198, 1055.39
2199, 1055.42
2200, 1055.43
2201, 1055.45
2202, 1055.47
2203, 1055.48
2204, 1055.5
2205, 1055.54
2206, 1055.55
2207, 1055.55
2208, 1055.56
2209, 1055.56
2210, 1055.61
2211, 1055.62
2212, 1055.62
2213, 1055.63
2214, 1055.63
2215, 1055.64
2216, 1055.7
2217, 1055.71
2218, 1055.71
2219, 1055.72
2220, 1055.72
2221, 1055.72
2222, 1055.74
2223, 1055.74
2224, 1055.75
2225, 1055.79
2226, 1055.79
2227, 1055.79
2228, 1055.83
2229, 1055.84
2230, 1055.87
2231, 1055.87
2232, 1055.89
2233, 1055.92
2234, 1055.94
2235, 1055.95
2236, 1055.97
2237, 1055.98
2238, 1056
2239, 1056.02
2240, 1056.05
2241, 1056.07
2242, 1056.09
2243, 1056.1
2244, 1056.11
2245, 1056.11
2246, 1056.12
2247, 1056.14
2248, 1056.15
2249, 1056.15
2250, 1056.16
2251, 1056.17
2252, 1056.18
2253, 1056.19
2254, 1056.2
2255, 1056.21
2256, 1056.21
2257, 1056.22
2258, 1056.22
2259, 1056.23
2260, 1056.31
2261, 1056.31
2262, 1056.35
2263, 1056.36
2264, 1056.37
2265, 1056.37
2266, 1056.37
2267, 1056.4
2268, 1056.44
2269, 1056.44
2270, 1056.45
2271, 1056.46
2272, 1056.48
2273, 1056.52
2274, 1056.54
2275, 1056.54
2276, 1056.54
2277, 1056.55
2278, 1056.61
2279, 1056.62
2280, 1056.62
2281, 1056.62
2282, 1056.64
2283, 1056.66
2284, 1056.68
2285, 1056.68
2286, 1056.68
2287, 1056.68
2288, 1056.72
2289, 1056.73
2290, 1056.75
2291, 1056.78
2292, 1056.8
2293, 1056.81
2294, 1056.83
2295, 1056.89
2296, 1056.91
2297, 1056.92
2298, 1056.93
2299, 1056.94
2300, 1056.94
2301, 1056.95
2302, 1056.98
2303, 1057
2304, 1057.01
2305, 1057.01
2306, 1057.03
2307, 1057.04
2308, 1057.05
2309, 1057.07
2310, 1057.08
2311, 1057.09
2312, 1057.13
2313, 1057.16
2314, 1057.17
2315, 1057.18
2316, 1057.18
2317, 1057.19
2318, 1057.19
2319, 1057.19
2320, 1057.2
2321, 1057.22
2322, 1057.22
2323, 1057.24
2324, 1057.24
2325, 1057.25
2326, 1057.26
2327, 1057.27
2328, 1057.27
2329, 1057.29
2330, 1057.32
2331, 1057.34
2332, 1057.35
2333, 1057.38
2334, 1057.42
2335, 1057.44
2336, 1057.5
2337, 1057.52
2338, 1057.53
2339, 1057.58
2340, 1057.58
2341, 1057.59
2342, 1057.59
2343, 1057.62
2344, 1057.66
2345, 1057.7
2346, 1057.71
2347, 1057.71
2348, 1057.71
2349, 1057.72
2350, 1057.72
2351, 1057.75
2352, 1057.76
2353, 1057.78
2354, 1057.78
2355, 1057.84
2356, 1057.86
2357, 1057.89
2358, 1057.9
2359, 1057.99
2360, 1057.99
2361, 1058
2362, 1058
2363, 1058.02
2364, 1058.03
2365, 1058.04
2366, 1058.05
2367, 1058.07
2368, 1058.1
2369, 1058.1
2370, 1058.12
2371, 1058.13
2372, 1058.16
2373, 1058.16
2374, 1058.17
2375, 1058.19
2376, 1058.21
2377, 1058.21
2378, 1058.24
2379, 1058.26
2380, 1058.26
2381, 1058.29
2382, 1058.3
2383, 1058.31
2384, 1058.32
2385, 1058.32
2386, 1058.34
2387, 1058.36
2388, 1058.37
2389, 1058.38
2390, 1058.39
2391, 1058.39
2392, 1058.44
2393, 1058.48
2394, 1058.48
2395, 1058.49
2396, 1058.51
2397, 1058.51
2398, 1058.52
2399, 1058.53
2400, 1058.55
2401, 1058.56
2402, 1058.56
2403, 1058.59
2404, 1058.6
2405, 1058.61
2406, 1058.61
2407, 1058.63
2408, 1058.72
2409, 1058.73
2410, 1058.75
2411, 1058.76
2412, 1058.8
2413, 1058.82
2414, 1058.82
2415, 1058.83
2416, 1058.83
2417, 1058.85
2418, 1058.85
2419, 1058.87
2420, 1058.88
2421, 1058.95
2422, 1058.96
2423, 1058.97
2424, 1058.97
2425, 1058.99
2426, 1059.02
2427, 1059.02
2428, 1059.06
2429, 1059.07
2430, 1059.09
2431, 1059.09
2432, 1059.1
2433, 1059.13
2434, 1059.18
2435, 1059.2
2436, 1059.2
2437, 1059.22
2438, 1059.23
2439, 1059.24
2440, 1059.25
2441, 1059.26
2442, 1059.28
2443, 1059.28
2444, 1059.28
2445, 1059.31
2446, 1059.31
2447, 1059.34
2448, 1059.35
2449, 1059.38
2450, 1059.38
2451, 1059.39
2452, 1059.41
2453, 1059.42
2454, 1059.44
2455, 1059.44
2456, 1059.46
2457, 1059.48
2458, 1059.5
2459, 1059.52
2460, 1059.53
2461, 1059.54
2462, 1059.55
2463, 1059.55
2464, 1059.56
2465, 1059.56
2466, 1059.57
2467, 1059.61
2468, 1059.62
2469, 1059.62
2470, 1059.63
2471, 1059.63
2472, 1059.64
2473, 1059.66
2474, 1059.7
2475, 1059.72
2476, 1059.72
2477, 1059.73
2478, 1059.73
2479, 1059.76
2480, 1059.8
2481, 1059.81
2482, 1059.83
2483, 1059.85
2484, 1059.88
2485, 1059.92
2486, 1059.92
2487, 1059.93
2488, 1059.94
2489, 1059.94
2490, 1059.94
2491, 1059.95
2492, 1059.96
2493, 1059.96
2494, 1059.97
2495, 1059.98
2496, 1060.03
2497, 1060.05
2498, 1060.05
2499, 1060.06
2500, 1060.08
2501, 1060.08
2502, 1060.11
2503, 1060.12
2504, 1060.15
2505, 1060.16
2506, 1060.18
2507, 1060.21
2508, 1060.23
2509, 1060.26
2510, 1060.27
2511, 1060.28
2512, 1060.29
2513, 1060.31
2514, 1060.31
2515, 1060.36
2516, 1060.38
2517, 1060.4
2518, 1060.41
2519, 1060.42
2520, 1060.43
2521, 1060.43
2522, 1060.45
2523, 1060.45
2524, 1060.46
2525, 1060.49
2526, 1060.49
2527, 1060.49
2528, 1060.49
2529, 1060.49
2530, 1060.51
2531, 1060.52
2532, 1060.53
2533, 1060.55
2534, 1060.56
2535, 1060.57
2536, 1060.58
2537, 1060.59
2538, 1060.6
2539, 1060.6
2540, 1060.61
2541, 1060.62
2542, 1060.65
2543, 1060.65
2544, 1060.67
2545, 1060.72
2546, 1060.76
2547, 1060.77
2548, 1060.78
2549, 1060.81
2550, 1060.82
2551, 1060.82
2552, 1060.84
2553, 1060.85
2554, 1060.87
2555, 1060.9
2556, 1060.91
2557, 1060.93
2558, 1060.94
2559, 1060.96
2560, 1060.98
2561, 1060.98
2562, 1060.99
2563, 1061
2564, 1061.01
2565, 1061.01
2566, 1061.01
2567, 1061.03
2568, 1061.05
2569, 1061.07
2570, 1061.09
2571, 1061.11
2572, 1061.15
2573, 1061.17
2574, 1061.17
2575, 1061.2
2576, 1061.25
2577, 1061.26
2578, 1061.27
2579, 1061.27
2580, 1061.3
2581, 1061.3
2582, 1061.32
2583, 1061.33
2584, 1061.35
2585, 1061.35
2586, 1061.37
2587, 1061.43
2588, 1061.45
2589, 1061.46
2590, 1061.46
2591, 1061.49
2592, 1061.5
2593, 1061.51
2594, 1061.51
2595, 1061.52
2596, 1061.54
2597, 1061.55
2598, 1061.56
2599, 1061.57
2600, 1061.58
2601, 1061.58
2602, 1061.59
2603, 1061.62
2604, 1061.63
2605, 1061.66
2606, 1061.71
2607, 1061.72
2608, 1061.73
2609, 1061.74
2610, 1061.78
2611, 1061.79
2612, 1061.8
2613, 1061.81
2614, 1061.85
2615, 1061.85
2616, 1061.85
2617, 1061.86
2618, 1061.87
2619, 1061.89
2620, 1061.9
2621, 1061.9
2622, 1061.91
2623, 1061.92
2624, 1061.94
2625, 1061.94
2626, 1061.95
2627, 1061.96
2628, 1061.96
2629, 1061.98
2630, 1061.98
2631, 1061.99
2632, 1062
2633, 1062.01
2634, 1062.04
2635, 1062.06
2636, 1062.08
2637, 1062.1
2638, 1062.1
2639, 1062.11
2640, 1062.13
2641, 1062.14
2642, 1062.16
2643, 1062.17
2644, 1062.18
2645, 1062.19
2646, 1062.2
2647, 1062.21
2648, 1062.21
2649, 1062.25
2650, 1062.26
2651, 1062.26
2652, 1062.3
2653, 1062.34
2654, 1062.35
2655, 1062.36
2656, 1062.36
2657, 1062.36
2658, 1062.38
2659, 1062.38
2660, 1062.38
2661, 1062.4
2662, 1062.41
2663, 1062.42
2664, 1062.42
2665, 1062.42
2666, 1062.45
2667, 1062.46
2668, 1062.46
2669, 1062.46
2670, 1062.47
2671, 1062.48
2672, 1062.49
2673, 1062.49
2674, 1062.53
2675, 1062.54
2676, 1062.54
2677, 1062.55
2678, 1062.56
2679, 1062.6
2680, 1062.62
2681, 1062.63
2682, 1062.64
2683, 1062.66
2684, 1062.72
2685, 1062.75
2686, 1062.76
2687, 1062.77
2688, 1062.85
2689, 1062.85
2690, 1062.86
2691, 1062.87
2692, 1062.87
2693, 1062.89
2694, 1062.89
2695, 1062.9
2696, 1062.93
2697, 1062.94
2698, 1062.97
2699, 1062.99
2700, 1062.99
2701, 1063
2702, 1063.02
2703, 1063.03
2704, 1063.04
2705, 1063.05
2706, 1063.06
2707, 1063.08
2708, 1063.08
2709, 1063.11
2710, 1063.11
2711, 1063.11
2712, 1063.11
2713, 1063.11
2714, 1063.12
2715, 1063.12
2716, 1063.14
2717, 1063.15
2718, 1063.16
2719, 1063.2
2720, 1063.2
2721, 1063.21
2722, 1063.21
2723, 1063.22
2724, 1063.23
2725, 1063.24
2726, 1063.25
2727, 1063.27
2728, 1063.29
2729, 1063.3
2730, 1063.33
2731, 1063.34
2732, 1063.35
2733, 1063.36
2734, 1063.36
2735, 1063.36
2736, 1063.38
2737, 1063.39
2738, 1063.39
2739, 1063.41
2740, 1063.41
2741, 1063.42
2742, 1063.46
2743, 1063.46
2744, 1063.48
2745, 1063.5
2746, 1063.52
2747, 1063.55
2748, 1063.57
2749, 1063.58
2750, 1063.6
2751, 1063.62
2752, 1063.62
2753, 1063.63
2754, 1063.63
2755, 1063.64
2756, 1063.64
2757, 1063.69
2758, 1063.69
2759, 1063.7
2760, 1063.71
2761, 1063.71
2762, 1063.72
2763, 1063.72
2764, 1063.72
2765, 1063.74
2766, 1063.74
2767, 1063.74
2768, 1063.76
2769, 1063.76
2770, 1063.77
2771, 1063.78
2772, 1063.79
2773, 1063.81
2774, 1063.84
2775, 1063.85
2776, 1063.86
2777, 1063.87
2778, 1063.87
2779, 1063.9
2780, 1063.92
2781, 1063.94
2782, 1063.94
2783, 1063.95
2784, 1063.97
2785, 1063.97
2786, 1064
2787, 1064.03
2788, 1064.04
2789, 1064.04
2790, 1064.05
2791, 1064.05
2792, 1064.07
2793, 1064.07
2794, 1064.09
2795, 1064.11
2796, 1064.11
2797, 1064.11
2798, 1064.12
2799, 1064.15
2800, 1064.17
2801, 1064.18
2802, 1064.18
2803, 1064.19
2804, 1064.21
2805, 1064.21
2806, 1064.21
2807, 1064.21
2808, 1064.22
2809, 1064.22
2810, 1064.25
2811, 1064.25
2812, 1064.25
2813, 1064.29
2814, 1064.3
2815, 1064.3
2816, 1064.3
2817, 1064.33
2818, 1064.33
2819, 1064.33
2820, 1064.34
2821, 1064.38
2822, 1064.39
2823, 1064.41
2824, 1064.42
2825, 1064.43
2826, 1064.44
2827, 1064.44
2828, 1064.44
2829, 1064.44
2830, 1064.45
2831, 1064.46
2832, 1064.46
2833, 1064.47
2834, 1064.47
2835, 1064.49
2836, 1064.49
2837, 1064.5
2838, 1064.5
2839, 1064.51
2840, 1064.53
2841, 1064.54
2842, 1064.56
2843, 1064.57
2844, 1064.57
2845, 1064.57
2846, 1064.58
2847, 1064.65
2848, 1064.69
2849, 1064.7
2850, 1064.7
2851, 1064.7
2852, 1064.71
2853, 1064.71
2854, 1064.71
2855, 1064.74
2856, 1064.75
2857, 1064.75
2858, 1064.75
2859, 1064.75
2860, 1064.77
2861, 1064.8
2862, 1064.8
2863, 1064.8
2864, 1064.82
2865, 1064.84
2866, 1064.84
2867, 1064.85
2868, 1064.85
2869, 1064.85
2870, 1064.86
2871, 1064.89
2872, 1064.89
2873, 1064.89
2874, 1064.89
2875, 1064.9
2876, 1064.92
2877, 1064.92
2878, 1064.95
2879, 1064.96
2880, 1064.96
2881, 1064.96
2882, 1065.01
2883, 1065.01
2884, 1065.03
2885, 1065.03
2886, 1065.04
2887, 1065.05
2888, 1065.06
2889, 1065.11
2890, 1065.13
2891, 1065.13
2892, 1065.15
2893, 1065.17
2894, 1065.18
2895, 1065.19
2896, 1065.2
2897, 1065.21
2898, 1065.23
2899, 1065.23
2900, 1065.24
2901, 1065.25
2902, 1065.27
2903, 1065.28
2904, 1065.28
2905, 1065.29
2906, 1065.33
2907, 1065.36
2908, 1065.37
2909, 1065.38
2910, 1065.38
2911, 1065.39
2912, 1065.39
2913, 1065.43
2914, 1065.47
2915, 1065.47
2916, 1065.48
2917, 1065.49
2918, 1065.49
2919, 1065.49
2920, 1065.49
2921, 1065.51
2922, 1065.51
2923, 1065.51
2924, 1065.53
2925, 1065.55
2926, 1065.57
2927, 1065.57
2928, 1065.58
2929, 1065.58
2930, 1065.62
2931, 1065.62
2932, 1065.63
2933, 1065.64
2934, 1065.65
2935, 1065.65
2936, 1065.66
2937, 1065.66
2938, 1065.66
2939, 1065.66
2940, 1065.67
2941, 1065.67
2942, 1065.68
2943, 1065.68
2944, 1065.7
2945, 1065.72
2946, 1065.73
2947, 1065.74
2948, 1065.74
2949, 1065.75
2950, 1065.76
2951, 1065.78
2952, 1065.78
2953, 1065.79
2954, 1065.8
2955, 1065.81
2956, 1065.81
2957, 1065.81
2958, 1065.82
2959, 1065.82
2960, 1065.83
2961, 1065.84
2962, 1065.85
2963, 1065.89
2964, 1065.9
2965, 1065.92
2966, 1065.92
2967, 1065.92
2968, 1065.93
2969, 1065.94
2970, 1065.95
2971, 1065.95
2972, 1065.96
2973, 1065.98
2974, 1065.98
2975, 1066
2976, 1066.01
2977, 1066.03
2978, 1066.04
2979, 1066.04
2980, 1066.04
2981, 1066.05
2982, 1066.05
2983, 1066.07
2984, 1066.09
2985, 1066.1
2986, 1066.11
2987, 1066.11
2988, 1066.13
2989, 1066.13
2990, 1066.15
2991, 1066.18
2992, 1066.18
2993, 1066.18
2994, 1066.19
2995, 1066.2
2996, 1066.21
2997, 1066.22
2998, 1066.22
2999, 1066.23
3000, 1066.23
3001, 1066.24
3002, 1066.26
3003, 1066.28
3004, 1066.28
3005, 1066.28
3006, 1066.29
3007, 1066.31
3008, 1066.32
3009, 1066.34
3010, 1066.36
3011, 1066.37
3012, 1066.4
3013, 1066.43
3014, 1066.47
3015, 1066.51
3016, 1066.52
3017, 1066.53
3018, 1066.54
3019, 1066.54
3020, 1066.54
3021, 1066.55
3022, 1066.56
3023, 1066.57
3024, 1066.58
3025, 1066.59
3026, 1066.59
3027, 1066.6
3028, 1066.61
3029, 1066.61
3030, 1066.61
3031, 1066.63
3032, 1066.64
3033, 1066.64
3034, 1066.65
3035, 1066.66
3036, 1066.67
3037, 1066.67
3038, 1066.68
3039, 1066.69
3040, 1066.69
3041, 1066.69
3042, 1066.69
3043, 1066.7
3044, 1066.71
3045, 1066.72
3046, 1066.72
3047, 1066.74
3048, 1066.78
3049, 1066.78
3050, 1066.81
3051, 1066.83
3052, 1066.84
3053, 1066.85
3054, 1066.85
3055, 1066.85
3056, 1066.85
3057, 1066.86
3058, 1066.89
3059, 1066.89
3060, 1066.91
3061, 1066.92
3062, 1066.93
3063, 1066.94
3064, 1066.94
3065, 1066.98
3066, 1067
3067, 1067.01
3068, 1067.03
3069, 1067.04
3070, 1067.05
3071, 1067.05
3072, 1067.06
3073, 1067.06
3074, 1067.07
3075, 1067.08
3076, 1067.09
3077, 1067.11
3078, 1067.12
3079, 1067.13
3080, 1067.15
3081, 1067.16
3082, 1067.16
3083, 1067.18
3084, 1067.19
3085, 1067.21
3086, 1067.21
3087, 1067.21
3088, 1067.24
3089, 1067.24
3090, 1067.26
3091, 1067.27
3092, 1067.28
3093, 1067.28
3094, 1067.28
3095, 1067.29
3096, 1067.3
3097, 1067.31
3098, 1067.31
3099, 1067.31
3100, 1067.33
3101, 1067.33
3102, 1067.35
3103, 1067.35
3104, 1067.36
3105, 1067.36
3106, 1067.37
3107, 1067.37
3108, 1067.38
3109, 1067.4
3110, 1067.4
3111, 1067.41
3112, 1067.42
3113, 1067.42
3114, 1067.43
3115, 1067.43
3116, 1067.44
3117, 1067.46
3118, 1067.47
3119, 1067.48
3120, 1067.48
3121, 1067.5
3122, 1067.51
3123, 1067.55
3124, 1067.56
3125, 1067.56
3126, 1067.57
3127, 1067.57
3128, 1067.58
3129, 1067.58
3130, 1067.59
3131, 1067.59
3132, 1067.61
3133, 1067.63
3134, 1067.63
3135, 1067.66
3136, 1067.69
3137, 1067.69
3138, 1067.71
3139, 1067.71
3140, 1067.71
3141, 1067.72
3142, 1067.72
3143, 1067.73
3144, 1067.75
3145, 1067.75
3146, 1067.75
3147, 1067.79
3148, 1067.79
3149, 1067.79
3150, 1067.79
3151, 1067.82
3152, 1067.83
3153, 1067.83
3154, 1067.85
3155, 1067.85
3156, 1067.85
3157, 1067.86
3158, 1067.86
3159, 1067.89
3160, 1067.89
3161, 1067.93
3162, 1067.95
3163, 1067.95
3164, 1067.96
3165, 1067.96
3166, 1068
3167, 1068.01
3168, 1068.05
3169, 1068.07
3170, 1068.1
3171, 1068.14
3172, 1068.15
3173, 1068.15
3174, 1068.17
3175, 1068.17
3176, 1068.21
3177, 1068.23
3178, 1068.23
3179, 1068.24
3180, 1068.25
3181, 1068.29
3182, 1068.3
3183, 1068.3
3184, 1068.31
3185, 1068.32
3186, 1068.34
3187, 1068.34
3188, 1068.37
3189, 1068.38
3190, 1068.38
3191, 1068.39
3192, 1068.4
3193, 1068.41
3194, 1068.45
3195, 1068.46
3196, 1068.48
3197, 1068.48
3198, 1068.5
3199, 1068.5
3200, 1068.5
3201, 1068.51
3202, 1068.51
3203, 1068.51
3204, 1068.53
3205, 1068.54
3206, 1068.54
3207, 1068.55
3208, 1068.58
3209, 1068.59
3210, 1068.6
3211, 1068.63
3212, 1068.66
3213, 1068.66
3214, 1068.68
3215, 1068.73
3216, 1068.74
3217, 1068.77
3218, 1068.77
3219, 1068.8
3220, 1068.81
3221, 1068.81
3222, 1068.82
3223, 1068.84
3224, 1068.85
3225, 1068.86
3226, 1068.87
3227, 1068.87
3228, 1068.88
3229, 1068.9
3230, 1068.9
3231, 1068.94
3232, 1068.94
3233, 1068.94
3234, 1068.94
3235, 1068.95
3236, 1068.96
3237, 1068.97
3238, 1068.98
3239, 1068.99
3240, 1069
3241, 1069.01
3242, 1069.04
3243, 1069.04
3244, 1069.06
3245, 1069.08
3246, 1069.1
3247, 1069.11
3248, 1069.11
3249, 1069.12
3250, 1069.13
3251, 1069.21
3252, 1069.25
3253, 1069.27
3254, 1069.28
3255, 1069.3
3256, 1069.31
3257, 1069.31
3258, 1069.32
3259, 1069.32
3260, 1069.33
3261, 1069.35
3262, 1069.39
3263, 1069.4
3264, 1069.4
3265, 1069.41
3266, 1069.42
3267, 1069.43
3268, 1069.43
3269, 1069.44
3270, 1069.44
3271, 1069.46
3272, 1069.48
3273, 1069.49
3274, 1069.5
3275, 1069.5
3276, 1069.52
3277, 1069.54
3278, 1069.56
3279, 1069.57
3280, 1069.58
3281, 1069.58
3282, 1069.6
3283, 1069.61
3284, 1069.61
3285, 1069.62
3286, 1069.64
3287, 1069.65
3288, 1069.67
3289, 1069.69
3290, 1069.7
3291, 1069.7
3292, 1069.7
3293, 1069.71
3294, 1069.72
3295, 1069.72
3296, 1069.72
3297, 1069.73
3298, 1069.76
3299, 1069.78
3300, 1069.79
3301, 1069.8
3302, 1069.82
3303, 1069.83
3304, 1069.83
3305, 1069.84
3306, 1069.84
3307, 1069.84
3308, 1069.84
3309, 1069.84
3310, 1069.88
3311, 1069.89
3312, 1069.89
3313, 1069.92
3314, 1069.93
3315, 1069.94
3316, 1069.95
3317, 1069.97
3318, 1069.97
3319, 1069.99
3320, 1069.99
3321, 1070
3322, 1070.02
3323, 1070.02
3324, 1070.03
3325, 1070.03
3326, 1070.03
3327, 1070.05
3328, 1070.05
3329, 1070.06
3330, 1070.07
3331, 1070.07
3332, 1070.09
3333, 1070.1
3334, 1070.12
3335, 1070.13
3336, 1070.13
3337, 1070.16
3338, 1070.17
3339, 1070.18
3340, 1070.2
3341, 1070.2
3342, 1070.2
3343, 1070.21
3344, 1070.22
3345, 1070.24
3346, 1070.25
3347, 1070.26
3348, 1070.26
3349, 1070.28
3350, 1070.32
3351, 1070.32
3352, 1070.33
3353, 1070.34
3354, 1070.36
3355, 1070.36
3356, 1070.36
3357, 1070.37
3358, 1070.37
3359, 1070.37
3360, 1070.38
3361, 1070.38
3362, 1070.41
3363, 1070.42
3364, 1070.43
3365, 1070.43
3366, 1070.44
3367, 1070.47
3368, 1070.48
3369, 1070.49
3370, 1070.54
3371, 1070.54
3372, 1070.56
3373, 1070.6
3374, 1070.61
3375, 1070.62
3376, 1070.63
3377, 1070.63
3378, 1070.64
3379, 1070.64
3380, 1070.66
3381, 1070.67
3382, 1070.67
3383, 1070.67
3384, 1070.69
3385, 1070.72
3386, 1070.74
3387, 1070.76
3388, 1070.76
3389, 1070.8
3390, 1070.83
3391, 1070.84
3392, 1070.87
3393, 1070.87
3394, 1070.9
3395, 1070.9
3396, 1070.91
3397, 1070.92
3398, 1070.93
3399, 1070.94
3400, 1070.95
3401, 1070.98
3402, 1070.99
3403, 1070.99
3404, 1070.99
3405, 1071.02
3406, 1071.02
3407, 1071.03
3408, 1071.03
3409, 1071.03
3410, 1071.05
3411, 1071.05
3412, 1071.06
3413, 1071.06
3414, 1071.07
3415, 1071.08
3416, 1071.08
3417, 1071.1
3418, 1071.11
3419, 1071.11
3420, 1071.12
3421, 1071.12
3422, 1071.13
3423, 1071.15
3424, 1071.17
3425, 1071.17
3426, 1071.18
3427, 1071.2
3428, 1071.22
3429, 1071.25
3430, 1071.29
3431, 1071.29
3432, 1071.3
3433, 1071.31
3434, 1071.31
3435, 1071.32
3436, 1071.36
3437, 1071.36
3438, 1071.36
3439, 1071.36
3440, 1071.37
3441, 1071.38
3442, 1071.38
3443, 1071.41
3444, 1071.43
3445, 1071.45
3446, 1071.45
3447, 1071.47
3448, 1071.48
3449, 1071.52
3450, 1071.53
3451, 1071.56
3452, 1071.56
3453, 1071.57
3454, 1071.62
3455, 1071.63
3456, 1071.63
3457, 1071.65
3458, 1071.66
3459, 1071.66
3460, 1071.67
3461, 1071.68
3462, 1071.71
3463, 1071.71
3464, 1071.71
3465, 1071.71
3466, 1071.74
3467, 1071.75
3468, 1071.75
3469, 1071.76
3470, 1071.77
3471, 1071.77
3472, 1071.77
3473, 1071.77
3474, 1071.78
3475, 1071.79
3476, 1071.8
3477, 1071.8
3478, 1071.83
3479, 1071.84
3480, 1071.86
3481, 1071.87
3482, 1071.88
3483, 1071.89
3484, 1071.9
3485, 1071.91
3486, 1071.91
3487, 1071.93
3488, 1071.95
3489, 1071.97
3490, 1071.98
3491, 1072
3492, 1072
3493, 1072.02
3494, 1072.02
3495, 1072.02
3496, 1072.03
3497, 1072.04
3498, 1072.09
3499, 1072.09
3500, 1072.11
3501, 1072.13
3502, 1072.13
3503, 1072.14
3504, 1072.15
3505, 1072.17
3506, 1072.19
3507, 1072.19
3508, 1072.2
3509, 1072.22
3510, 1072.24
3511, 1072.27
3512, 1072.29
3513, 1072.3
3514, 1072.31
3515, 1072.33
3516, 1072.33
3517, 1072.34
3518, 1072.35
3519, 1072.36
3520, 1072.39
3521, 1072.4
3522, 1072.42
3523, 1072.47
3524, 1072.47
3525, 1072.47
3526, 1072.48
3527, 1072.49
3528, 1072.52
3529, 1072.53
3530, 1072.53
3531, 1072.55
3532, 1072.55
3533, 1072.55
3534, 1072.56
3535, 1072.58
3536, 1072.63
3537, 1072.63
3538, 1072.64
3539, 1072.64
3540, 1072.64
3541, 1072.65
3542, 1072.66
3543, 1072.66
3544, 1072.69
3545, 1072.7
3546, 1072.7
3547, 1072.72
3548, 1072.73
3549, 1072.73
3550, 1072.73
3551, 1072.75
3552, 1072.75
3553, 1072.77
3554, 1072.78
3555, 1072.8
3556, 1072.82
3557, 1072.83
3558, 1072.84
3559, 1072.87
3560, 1072.88
3561, 1072.9
3562, 1072.91
3563, 1072.91
3564, 1072.91
3565, 1072.96
3566, 1072.97
3567, 1072.98
3568, 1072.99
3569, 1073
3570, 1073
3571, 1073.02
3572, 1073.02
3573, 1073.02
3574, 1073.03
3575, 1073.05
3576, 1073.09
3577, 1073.1
3578, 1073.1
3579, 1073.12
3580, 1073.14
3581, 1073.15
3582, 1073.16
3583, 1073.17
3584, 1073.17
3585, 1073.17
3586, 1073.18
3587, 1073.18
3588, 1073.18
3589, 1073.21
3590, 1073.23
3591, 1073.24
3592, 1073.25
3593, 1073.26
3594, 1073.26
3595, 1073.27
3596, 1073.3
3597, 1073.3
3598, 1073.33
3599, 1073.33
3600, 1073.34
3601, 1073.34
3602, 1073.36
3603, 1073.37
3604, 1073.38
3605, 1073.38
3606, 1073.39
3607, 1073.4
3608, 1073.4
3609, 1073.4
3610, 1073.4
3611, 1073.41
3612, 1073.44
3613, 1073.44
3614, 1073.45
3615, 1073.46
3616, 1073.48
3617, 1073.49
3618, 1073.5
3619, 1073.53
3620, 1073.53
3621, 1073.54
3622, 1073.55
3623, 1073.58
3624, 1073.59
3625, 1073.63
3626, 1073.63
3627, 1073.64
3628, 1073.67
3629, 1073.7
3630, 1073.7
3631, 1073.72
3632, 1073.75
3633, 1073.76
3634, 1073.78
3635, 1073.79
3636, 1073.79
3637, 1073.8
3638, 1073.81
3639, 1073.81
3640, 1073.82
3641, 1073.84
3642, 1073.85
3643, 1073.87
3644, 1073.88
3645, 1073.89
3646, 1073.9
3647, 1073.9
3648, 1073.91
3649, 1073.91
3650, 1073.91
3651, 1073.91
3652, 1073.92
3653, 1073.92
3654, 1073.93
3655, 1073.93
3656, 1073.94
3657, 1073.94
3658, 1073.98
3659, 1073.99
3660, 1073.99
3661, 1074
3662, 1074
3663, 1074.02
3664, 1074.02
3665, 1074.03
3666, 1074.04
3667, 1074.04
3668, 1074.06
3669, 1074.07
3670, 1074.08
3671, 1074.09
3672, 1074.1
3673, 1074.1
3674, 1074.11
3675, 1074.11
3676, 1074.11
3677, 1074.11
3678, 1074.13
3679, 1074.14
3680, 1074.15
3681, 1074.16
3682, 1074.19
3683, 1074.2
3684, 1074.21
3685, 1074.21
3686, 1074.23
3687, 1074.23
3688, 1074.25
3689, 1074.26
3690, 1074.26
3691, 1074.28
3692, 1074.28
3693, 1074.29
3694, 1074.33
3695, 1074.34
3696, 1074.35
3697, 1074.35
3698, 1074.35
3699, 1074.37
3700, 1074.38
3701, 1074.39
3702, 1074.4
3703, 1074.4
3704, 1074.4
3705, 1074.42
3706, 1074.43
3707, 1074.44
3708, 1074.44
3709, 1074.46
3710, 1074.47
3711, 1074.51
3712, 1074.54
3713, 1074.54
3714, 1074.55
3715, 1074.55
3716, 1074.56
3717, 1074.57
3718, 1074.57
3719, 1074.58
3720, 1074.6
3721, 1074.61
3722, 1074.62
3723, 1074.66
3724, 1074.66
3725, 1074.71
3726, 1074.72
3727, 1074.72
3728, 1074.73
3729, 1074.75
3730, 1074.75
3731, 1074.75
3732, 1074.76
3733, 1074.79
3734, 1074.79
3735, 1074.8
3736, 1074.81
3737, 1074.82
3738, 1074.85
3739, 1074.86
3740, 1074.86
3741, 1074.88
3742, 1074.89
3743, 1074.89
3744, 1074.89
3745, 1074.93
3746, 1074.93
3747, 1074.95
3748, 1074.96
3749, 1074.96
3750, 1074.96
3751, 1074.96
3752, 1074.97
3753, 1074.99
3754, 1074.99
3755, 1074.99
3756, 1075.01
3757, 1075.03
3758, 1075.03
3759, 1075.04
3760, 1075.11
3761, 1075.11
3762, 1075.13
3763, 1075.13
3764, 1075.14
3765, 1075.15
3766, 1075.16
3767, 1075.16
3768, 1075.18
3769, 1075.18
3770, 1075.18
3771, 1075.19
3772, 1075.19
3773, 1075.21
3774, 1075.24
3775, 1075.25
3776, 1075.25
3777, 1075.25
3778, 1075.26
3779, 1075.26
3780, 1075.26
3781, 1075.26
3782, 1075.28
3783, 1075.29
3784, 1075.3
3785, 1075.31
3786, 1075.31
3787, 1075.31
3788, 1075.31
3789, 1075.32
3790, 1075.35
3791, 1075.36
3792, 1075.4
3793, 1075.4
3794, 1075.43
3795, 1075.44
3796, 1075.46
3797, 1075.46
3798, 1075.46
3799, 1075.53
3800, 1075.54
3801, 1075.54
3802, 1075.55
3803, 1075.58
3804, 1075.59
3805, 1075.61
3806, 1075.62
3807, 1075.62
3808, 1075.62
3809, 1075.63
3810, 1075.64
3811, 1075.66
3812, 1075.68
3813, 1075.68
3814, 1075.68
3815, 1075.69
3816, 1075.69
3817, 1075.72
3818, 1075.74
3819, 1075.78
3820, 1075.78
3821, 1075.79
3822, 1075.79
3823, 1075.79
3824, 1075.81
3825, 1075.82
3826, 1075.82
3827, 1075.83
3828, 1075.83
3829, 1075.85
3830, 1075.88
3831, 1075.88
3832, 1075.89
3833, 1075.9
3834, 1075.92
3835, 1075.94
3836, 1075.94
3837, 1075.96
3838, 1075.97
3839, 1075.98
3840, 1076.04
3841, 1076.06
3842, 1076.06
3843, 1076.07
3844, 1076.07
3845, 1076.13
3846, 1076.13
3847, 1076.16
3848, 1076.17
3849, 1076.18
3850, 1076.2
3851, 1076.23
3852, 1076.23
3853, 1076.26
3854, 1076.26
3855, 1076.27
3856, 1076.27
3857, 1076.3
3858, 1076.36
3859, 1076.39
3860, 1076.4
3861, 1076.4
3862, 1076.41
3863, 1076.42
3864, 1076.45
3865, 1076.45
3866, 1076.46
3867, 1076.47
3868, 1076.48
3869, 1076.48
3870, 1076.49
3871, 1076.5
3872, 1076.51
3873, 1076.54
3874, 1076.55
3875, 1076.55
3876, 1076.56
3877, 1076.58
3878, 1076.58
3879, 1076.58
3880, 1076.6
3881, 1076.61
3882, 1076.63
3883, 1076.64
3884, 1076.64
3885, 1076.64
3886, 1076.66
3887, 1076.67
3888, 1076.67
3889, 1076.68
3890, 1076.72
3891, 1076.72
3892, 1076.73
3893, 1076.74
3894, 1076.77
3895, 1076.77
3896, 1076.81
3897, 1076.82
3898, 1076.82
3899, 1076.82
3900, 1076.83
3901, 1076.84
3902, 1076.84
3903, 1076.85
3904, 1076.89
3905, 1076.9
3906, 1076.91
3907, 1076.92
3908, 1076.94
3909, 1076.94
3910, 1076.95
3911, 1076.96
3912, 1076.99
3913, 1077.02
3914, 1077.04
3915, 1077.05
3916, 1077.05
3917, 1077.06
3918, 1077.07
3919, 1077.1
3920, 1077.1
3921, 1077.13
3922, 1077.15
3923, 1077.15
3924, 1077.16
3925, 1077.17
3926, 1077.17
3927, 1077.19
3928, 1077.19
3929, 1077.2
3930, 1077.2
3931, 1077.2
3932, 1077.2
3933, 1077.21
3934, 1077.22
3935, 1077.23
3936, 1077.25
3937, 1077.27
3938, 1077.27
3939, 1077.28
3940, 1077.29
3941, 1077.32
3942, 1077.32
3943, 1077.37
3944, 1077.38
3945, 1077.41
3946, 1077.44
3947, 1077.44
3948, 1077.44
3949, 1077.45
3950, 1077.46
3951, 1077.49
3952, 1077.5
3953, 1077.5
3954, 1077.51
3955, 1077.51
3956, 1077.51
3957, 1077.54
3958, 1077.55
3959, 1077.56
3960, 1077.57
3961, 1077.57
3962, 1077.61
3963, 1077.62
3964, 1077.65
3965, 1077.66
3966, 1077.68
3967, 1077.72
3968, 1077.72
3969, 1077.73
3970, 1077.76
3971, 1077.76
3972, 1077.78
3973, 1077.8
3974, 1077.82
3975, 1077.83
3976, 1077.86
3977, 1077.86
3978, 1077.86
3979, 1077.88
3980, 1077.88
3981, 1077.9
3982, 1077.91
3983, 1077.91
3984, 1077.94
3985, 1077.94
3986, 1077.95
3987, 1077.97
3988, 1077.97
3989, 1077.98
3990, 1077.98
3991, 1077.98
3992, 1077.99
3993, 1078
3994, 1078.01
3995, 1078.02
3996, 1078.02
3997, 1078.03
3998, 1078.03
3999, 1078.05
4000, 1078.06
4001, 1078.09
4002, 1078.15
4003, 1078.18
4004, 1078.18
4005, 1078.19
4006, 1078.19
4007, 1078.2
4008, 1078.2
4009, 1078.21
4010, 1078.21
4011, 1078.23
4012, 1078.25
4013, 1078.25
4014, 1078.25
4015, 1078.27
4016, 1078.27
4017, 1078.29
4018, 1078.3
4019, 1078.3
4020, 1078.33
4021, 1078.35
4022, 1078.35
4023, 1078.41
4024, 1078.41
4025, 1078.44
4026, 1078.44
4027, 1078.45
4028, 1078.45
4029, 1078.47
4030, 1078.47
4031, 1078.48
4032, 1078.49
4033, 1078.5
4034, 1078.5
4035, 1078.51
4036, 1078.51
4037, 1078.55
4038, 1078.58
4039, 1078.59
4040, 1078.59
4041, 1078.6
4042, 1078.6
4043, 1078.62
4044, 1078.63
4045, 1078.64
4046, 1078.64
4047, 1078.69
4048, 1078.72
4049, 1078.74
4050, 1078.75
4051, 1078.75
4052, 1078.76
4053, 1078.77
4054, 1078.79
4055, 1078.79
4056, 1078.8
4057, 1078.82
4058, 1078.83
4059, 1078.83
4060, 1078.84
4061, 1078.87
4062, 1078.87
4063, 1078.87
4064, 1078.89
4065, 1078.91
4066, 1078.91
4067, 1078.92
4068, 1078.93
4069, 1078.93
4070, 1078.93
4071, 1078.95
4072, 1078.95
4073, 1078.96
4074, 1078.99
4075, 1078.99
4076, 1079
4077, 1079.01
4078, 1079.02
4079, 1079.05
4080, 1079.05
4081, 1079.1
4082, 1079.11
4083, 1079.12
4084, 1079.12
4085, 1079.15
4086, 1079.16
4087, 1079.23
4088, 1079.24
4089, 1079.25
4090, 1079.25
4091, 1079.27
4092, 1079.28
4093, 1079.28
4094, 1079.28
4095, 1079.28
4096, 1079.28
4097, 1079.3
4098, 1079.31
4099, 1079.32
4100, 1079.32
4101, 1079.34
4102, 1079.34
4103, 1079.37
4104, 1079.38
4105, 1079.38
4106, 1079.38
4107, 1079.39
4108, 1079.39
4109, 1079.41
4110, 1079.44
4111, 1079.46
4112, 1079.46
4113, 1079.46
4114, 1079.46
4115, 1079.48
4116, 1079.51
4117, 1079.53
4118, 1079.53
4119, 1079.56
4120, 1079.57
4121, 1079.57
4122, 1079.61
4123, 1079.62
4124, 1079.64
4125, 1079.66
4126, 1079.67
4127, 1079.67
4128, 1079.68
4129, 1079.69
4130, 1079.7
4131, 1079.7
4132, 1079.7
4133, 1079.76
4134, 1079.77
4135, 1079.78
4136, 1079.79
4137, 1079.83
4138, 1079.84
4139, 1079.85
4140, 1079.85
4141, 1079.85
4142, 1079.86
4143, 1079.86
4144, 1079.88
4145, 1079.9
4146, 1079.9
4147, 1079.91
4148, 1079.92
4149, 1080.01
4150, 1080.01
4151, 1080.01
4152, 1080.04
4153, 1080.05
4154, 1080.05
4155, 1080.07
4156, 1080.08
4157, 1080.09
4158, 1080.11
4159, 1080.11
4160, 1080.13
4161, 1080.13
4162, 1080.14
4163, 1080.14
4164, 1080.14
4165, 1080.14
4166, 1080.16
4167, 1080.16
4168, 1080.21
4169, 1080.21
4170, 1080.22
4171, 1080.24
4172, 1080.25
4173, 1080.25
4174, 1080.27
4175, 1080.27
4176, 1080.29
4177, 1080.32
4178, 1080.32
4179, 1080.34
4180, 1080.35
4181, 1080.37
4182, 1080.39
4183, 1080.4
4184, 1080.4
4185, 1080.41
4186, 1080.42
4187, 1080.44
4188, 1080.44
4189, 1080.51
4190, 1080.51
4191, 1080.61
4192, 1080.62
4193, 1080.62
4194, 1080.62
4195, 1080.65
4196, 1080.65
4197, 1080.66
4198, 1080.66
4199, 1080.67
4200, 1080.68
4201, 1080.69
4202, 1080.7
4203, 1080.72
4204, 1080.74
4205, 1080.77
4206, 1080.8
4207, 1080.8
4208, 1080.81
4209, 1080.81
4210, 1080.82
4211, 1080.83
4212, 1080.84
4213, 1080.85
4214, 1080.85
4215, 1080.85
4216, 1080.88
4217, 1080.89
4218, 1080.9
4219, 1080.92
4220, 1080.92
4221, 1080.99
4222, 1081
4223, 1081
4224, 1081
4225, 1081.02
4226, 1081.08
4227, 1081.1
4228, 1081.12
4229, 1081.14
4230, 1081.15
4231, 1081.15
4232, 1081.16
4233, 1081.17
4234, 1081.17
4235, 1081.17
4236, 1081.18
4237, 1081.18
4238, 1081.2
4239, 1081.23
4240, 1081.23
4241, 1081.25
4242, 1081.25
4243, 1081.31
4244, 1081.31
4245, 1081.31
4246, 1081.36
4247, 1081.37
4248, 1081.39
4249, 1081.39
4250, 1081.41
4251, 1081.41
4252, 1081.42
4253, 1081.42
4254, 1081.45
4255, 1081.47
4256, 1081.49
4257, 1081.49
4258, 1081.51
4259, 1081.52
4260, 1081.52
4261, 1081.52
4262, 1081.53
4263, 1081.54
4264, 1081.55
4265, 1081.62
4266, 1081.65
4267, 1081.66
4268, 1081.66
4269, 1081.76
4270, 1081.77
4271, 1081.81
4272, 1081.88
4273, 1081.89
4274, 1081.91
4275, 1081.95
4276, 1081.95
4277, 1081.96
4278, 1081.97
4279, 1081.99
4280, 1082.01
4281, 1082.02
4282, 1082.03
4283, 1082.08
4284, 1082.1
4285, 1082.11
4286, 1082.11
4287, 1082.16
4288, 1082.17
4289, 1082.17
4290, 1082.18
4291, 1082.21
4292, 1082.22
4293, 1082.22
4294, 1082.24
4295, 1082.28
4296, 1082.29
4297, 1082.3
4298, 1082.32
4299, 1082.34
4300, 1082.34
4301, 1082.35
4302, 1082.36
4303, 1082.38
4304, 1082.38
4305, 1082.47
4306, 1082.49
4307, 1082.51
4308, 1082.53
4309, 1082.54
4310, 1082.62
4311, 1082.62
4312, 1082.65
4313, 1082.67
4314, 1082.68
4315, 1082.69
4316, 1082.7
4317, 1082.72
4318, 1082.73
4319, 1082.73
4320, 1082.73
4321, 1082.75
4322, 1082.78
4323, 1082.78
4324, 1082.79
4325, 1082.81
4326, 1082.84
4327, 1082.85
4328, 1082.87
4329, 1082.88
4330, 1082.97
4331, 1082.99
4332, 1083.01
4333, 1083.03
4334, 1083.03
4335, 1083.05
4336, 1083.09
4337, 1083.09
4338, 1083.09
4339, 1083.13
4340, 1083.17
4341, 1083.18
4342, 1083.21
4343, 1083.23
4344, 1083.24
4345, 1083.25
4346, 1083.26
4347, 1083.29
4348, 1083.32
4349, 1083.32
4350, 1083.34
4351, 1083.36
4352, 1083.37
4353, 1083.43
4354, 1083.43
4355, 1083.44
4356, 1083.47
4357, 1083.58
4358, 1083.59
4359, 1083.62
4360, 1083.67
4361, 1083.71
4362, 1083.73
4363, 1083.75
4364, 1083.75
4365, 1083.79
4366, 1083.8
4367, 1083.83
4368, 1083.86
4369, 1084
4370, 1084.02
4371, 1084.11
4372, 1084.12
4373, 1084.16
4374, 1084.16
4375, 1084.18
4376, 1084.22
4377, 1084.24
4378, 1084.25
4379, 1084.29
4380, 1084.43
4381, 1084.46
4382, 1084.49
4383, 1084.56
4384, 1084.6
4385, 1084.69
4386, 1084.69
4387, 1084.71
4388, 1084.73
4389, 1084.75
4390, 1084.77
4391, 1084.83
4392, 1084.86
4393, 1084.9
4394, 1084.95
4395, 1084.97
4396, 1084.98
4397, 1085.02
4398, 1085.04
4399, 1085.05
4400, 1085.06
4401, 1085.06
4402, 1085.08
4403, 1085.08
4404, 1085.12
4405, 1085.17
4406, 1085.17
4407, 1085.33
4408, 1085.34
4409, 1085.38
4410, 1085.4
4411, 1085.44
4412, 1085.47
4413, 1085.58
4414, 1085.63
4415, 1085.68
4416, 1085.76
4417, 1085.77
4418, 1085.79
4419, 1085.79
4420, 1085.97
4421, 1086.03
4422, 1086.04
4423, 1086.05
4424, 1086.05
4425, 1086.06
4426, 1086.07
4427, 1086.1
4428, 1086.11
4429, 1086.15
4430, 1086.19
4431, 1086.25
4432, 1086.27
4433, 1086.28
4434, 1086.31
4435, 1086.36
4436, 1086.45
4437, 1086.46
4438, 1086.47
4439, 1086.47
4440, 1086.47
4441, 1086.49
4442, 1086.51
4443, 1086.53
4444, 1086.54
4445, 1086.61
4446, 1086.69
4447, 1086.71
4448, 1086.72
4449, 1086.78
4450, 1086.79
4451, 1086.82
4452, 1086.88
4453, 1086.9
4454, 1086.96
4455, 1086.99
4456, 1087.06
4457, 1087.06
4458, 1087.11
4459, 1087.12
4460, 1087.19
4461, 1087.23
4462, 1087.39
4463, 1087.45
4464, 1087.47
4465, 1087.49
4466, 1087.49
4467, 1087.67
4468, 1087.69
4469, 1087.76
4470, 1087.79
4471, 1087.9
4472, 1087.92
4473, 1087.95
4474, 1087.98
4475, 1088.02
4476, 1088.04
4477, 1088.16
4478, 1088.3
4479, 1088.44
4480, 1088.52
4481, 1088.65
4482, 1088.86
4483, 1088.98
4484, 1089.06
4485, 1089.13
4486, 1089.46
4487, 1089.47
4488, 1089.75
4489, 1089.79
4490, 1089.93
4491, 1090.13
4492, 1090.32
4493, 1090.44
4494, 1091.54
4495, 1091.57
4496, 1091.68
4497, 1091.9
---------------------------------------------------------------------------------------
 #bytes #iterations    t_min[usec]    t_max[usec]  t_typical[usec]    t_avg[usec]    t_stdev[usec]   99% percentile[usec]   99.9% percentile[usec] 
 2       4500          2.21           1093.00      1056.15  	       1011.33     	202.98 		1086.96 		1091.54
---------------------------------------------------------------------------------------
