Conflicting CPU frequency values detected: 799.218000 != 2100.000000. CPU Frequency is not max.
Conflicting CPU frequency values detected: 804.603000 != 2100.000000. CPU Frequency is not max.
Disabling dynamic polling
---------------------------------------------------------------------------------------
                    RDMA_Write Latency Test
 Dual-port       : OFF		Device         : mlx5_10
 Number of qps   : 1		Transport type : IB
 Connection type : RC		Using SRQ      : OFF
 PCIe relax order: OFF		Lock-free      : OFF
 ibv_wr* API     : ON		Using Enhanced Reorder      : OFF
 TX depth        : 1
 Mtu             : 1024[B]
 Link type       : Ethernet
 GID index       : 3
 Max inline data : 220[B]
 rdma_cm QPs	 : OFF
 Data ex. method : Ethernet
---------------------------------------------------------------------------------------
 local address: LID 0000 QPN 0x01c1 PSN 0xb8f87a RKey 0x04cf00 VAddr 0x005561a371d000
 GID: 00:00:00:00:00:00:00:00:00:00:255:255:10:01:04:01
 remote address: LID 0000 QPN 0x01c9 PSN 0x6c96f9 RKey 0x04cf00 VAddr 0x00560200d9d000
 GID: 00:00:00:00:00:00:00:00:00:00:255:255:10:01:04:02
---------------------------------------------------------------------------------------
 #bytes #iterations    t_min[usec]    t_max[usec]  t_typical[usec]    t_avg[usec]    t_stdev[usec]   99% percentile[usec]   99.9% percentile[usec] 
#, usec
1, 813.502
2, 850.998
3, 854.281
4, 855.806
5, 859.633
6, 862.782
7, 866.846
8, 868.171
9, 869.115
10, 869.404
11, 870.913
12, 872.189
13, 872.638
14, 873.68
15, 874.741
16, 875.352
17, 875.567
18, 876.719
19, 877.336
20, 877.359
21, 877.448
22, 877.787
23, 879.414
24, 881.028
25, 881.421
26, 882.199
27, 884.554
28, 886.109
29, 886.441
30, 886.749
31, 886.766
32, 886.842
33, 887.136
34, 888.242
35, 888.852
36, 889.658
37, 889.932
38, 890.439
39, 890.805
40, 891.133
41, 891.158
42, 892.02
43, 893.272
44, 893.794
45, 894.309
46, 895.384
47, 896.839
48, 897.804
49, 898.12
50, 898.223
51, 899.815
52, 899.858
53, 901.279
54, 901.395
55, 903.086
56, 903.54
57, 903.919
58, 904.331
59, 904.395
60, 904.737
61, 904.921
62, 904.934
63, 905.248
64, 905.481
65, 905.791
66, 905.902
67, 906.194
68, 906.754
69, 907.024
70, 907.741
71, 908.283
72, 908.677
73, 908.762
74, 909.145
75, 909.238
76, 909.413
77, 909.695
78, 909.822
79, 910.161
80, 910.353
81, 910.669
82, 912.057
83, 912.392
84, 912.82
85, 913.591
86, 913.594
87, 913.872
88, 914.338
89, 914.776
90, 915.13
91, 915.528
92, 915.818
93, 917.462
94, 917.574
95, 917.743
96, 917.854
97, 917.915
98, 917.993
99, 919.122
100, 919.182
101, 919.263
102, 920.031
103, 920.339
104, 920.653
105, 920.831
106, 921.05
107, 923.416
108, 923.453
109, 924.241
110, 924.249
111, 924.452
112, 924.576
113, 924.83
114, 924.871
115, 924.982
116, 925.401
117, 925.475
118, 925.872
119, 926.558
120, 927.549
121, 927.608
122, 927.659
123, 927.732
124, 927.778
125, 928.009
126, 928.119
127, 928.74
128, 929.321
129, 929.339
130, 929.374
131, 929.679
132, 929.93
133, 930.229
134, 930.301
135, 930.56
136, 931.342
137, 931.354
138, 931.587
139, 931.605
140, 931.715
141, 932.019
142, 932.039
143, 932.275
144, 932.517
145, 932.62
146, 933.084
147, 933.283
148, 933.463
149, 933.658
150, 934.072
151, 934.095
152, 934.096
153, 934.316
154, 934.374
155, 934.454
156, 934.49
157, 934.831
158, 934.989
159, 935.226
160, 935.34
161, 935.472
162, 935.587
163, 935.928
164, 935.933
165, 937.591
166, 937.743
167, 938.129
168, 938.809
169, 938.895
170, 939.339
171, 939.349
172, 939.752
173, 939.834
174, 939.953
175, 940.368
176, 940.68
177, 941.189
178, 941.869
179, 941.871
180, 942.067
181, 942.094
182, 942.18
183, 942.469
184, 942.981
185, 943.443
186, 943.662
187, 943.744
188, 943.755
189, 944.1
190, 945.362
191, 945.597
192, 946.193
193, 946.566
194, 946.722
195, 946.794
196, 947.115
197, 947.441
198, 947.497
199, 947.5
200, 947.537
201, 947.686
202, 948.094
203, 948.158
204, 948.412
205, 948.581
206, 948.687
207, 948.968
208, 949.118
209, 949.318
210, 949.879
211, 949.996
212, 950.112
213, 950.139
214, 950.606
215, 950.969
216, 951.119
217, 951.2
218, 951.222
219, 951.478
220, 952.186
221, 952.328
222, 952.697
223, 952.75
224, 953.033
225, 953.121
226, 953.147
227, 953.455
228, 953.784
229, 953.824
230, 953.825
231, 953.972
232, 954.004
233, 954.316
234, 954.557
235, 954.736
236, 955.026
237, 955.111
238, 955.127
239, 955.183
240, 956.529
241, 956.958
242, 956.961
243, 957.087
244, 957.185
245, 957.529
246, 957.722
247, 957.724
248, 957.777
249, 957.827
250, 957.926
251, 958.557
252, 958.576
253, 958.803
254, 958.896
255, 958.903
256, 959.007
257, 959.007
258, 959.197
259, 959.215
260, 959.308
261, 959.323
262, 959.341
263, 959.42
264, 959.43
265, 959.443
266, 959.452
267, 959.507
268, 959.528
269, 959.659
270, 959.746
271, 959.76
272, 960.023
273, 960.294
274, 960.399
275, 960.455
276, 960.533
277, 960.834
278, 961.022
279, 961.374
280, 961.679
281, 961.889
282, 961.934
283, 961.979
284, 962.458
285, 962.589
286, 962.627
287, 962.663
288, 962.693
289, 962.707
290, 962.822
291, 962.841
292, 963.107
293, 963.134
294, 963.162
295, 963.249
296, 963.504
297, 963.559
298, 963.639
299, 963.734
300, 963.755
301, 963.794
302, 963.966
303, 964.247
304, 964.258
305, 964.499
306, 964.608
307, 964.616
308, 964.94
309, 964.947
310, 965.271
311, 965.5
312, 965.849
313, 965.872
314, 965.978
315, 966.102
316, 966.389
317, 966.401
318, 966.444
319, 966.66
320, 966.688
321, 966.785
322, 966.818
323, 966.984
324, 967.229
325, 967.268
326, 967.489
327, 967.557
328, 967.696
329, 967.708
330, 967.778
331, 967.782
332, 967.807
333, 967.82
334, 967.831
335, 968.065
336, 968.198
337, 968.216
338, 968.317
339, 968.351
340, 968.548
341, 968.66
342, 968.738
343, 969.027
344, 969.091
345, 969.118
346, 969.136
347, 969.438
348, 969.807
349, 969.83
350, 970.01
351, 970.495
352, 970.621
353, 970.667
354, 970.897
355, 971.262
356, 971.486
357, 971.542
358, 971.547
359, 971.659
360, 971.733
361, 971.737
362, 971.988
363, 972.411
364, 972.446
365, 972.529
366, 972.634
367, 972.833
368, 972.908
369, 973.297
370, 973.396
371, 973.688
372, 973.74
373, 973.913
374, 973.934
375, 974.315
376, 974.365
377, 974.585
378, 974.747
379, 974.818
380, 974.868
381, 974.869
382, 974.885
383, 975.131
384, 975.228
385, 975.299
386, 975.333
387, 975.406
388, 975.479
389, 975.791
390, 976.03
391, 976.051
392, 976.082
393, 976.103
394, 976.155
395, 976.212
396, 976.22
397, 976.551
398, 976.577
399, 976.73
400, 976.757
401, 976.803
402, 976.82
403, 976.824
404, 976.898
405, 977.233
406, 977.377
407, 977.734
408, 977.894
409, 978.031
410, 978.091
411, 978.458
412, 978.496
413, 978.559
414, 978.658
415, 978.825
416, 978.968
417, 979.004
418, 979.064
419, 979.135
420, 979.151
421, 979.211
422, 979.217
423, 979.287
424, 979.427
425, 979.556
426, 979.581
427, 979.779
428, 979.796
429, 980.427
430, 980.863
431, 981.145
432, 981.181
433, 981.374
434, 981.394
435, 981.561
436, 981.566
437, 981.663
438, 981.722
439, 981.991
440, 981.997
441, 982.124
442, 982.302
443, 982.317
444, 982.438
445, 982.46
446, 982.461
447, 982.476
448, 982.783
449, 982.865
450, 982.99
451, 983.191
452, 983.438
453, 983.484
454, 983.522
455, 983.838
456, 984.009
457, 984.018
458, 984.137
459, 984.183
460, 984.196
461, 984.198
462, 984.204
463, 984.208
464, 984.406
465, 984.407
466, 984.421
467, 984.509
468, 984.54
469, 984.704
470, 984.764
471, 984.851
472, 984.88
473, 984.909
474, 984.957
475, 985.016
476, 985.303
477, 985.331
478, 985.486
479, 985.507
480, 985.56
481, 985.601
482, 985.685
483, 985.719
484, 985.793
485, 985.94
486, 985.961
487, 986.053
488, 986.159
489, 986.23
490, 986.327
491, 986.39
492, 986.523
493, 986.528
494, 986.701
495, 986.722
496, 986.933
497, 986.952
498, 986.963
499, 986.967
500, 987.076
501, 987.138
502, 987.149
503, 987.173
504, 987.186
505, 987.214
506, 987.292
507, 987.294
508, 987.297
509, 987.366
510, 987.389
511, 987.489
512, 987.526
513, 987.673
514, 987.682
515, 987.83
516, 987.874
517, 987.896
518, 988.042
519, 988.091
520, 988.16
521, 988.161
522, 988.352
523, 988.358
524, 988.437
525, 988.539
526, 988.568
527, 988.582
528, 988.727
529, 988.786
530, 988.806
531, 988.851
532, 988.927
533, 988.928
534, 988.932
535, 988.994
536, 989.103
537, 989.161
538, 989.168
539, 989.234
540, 989.373
541, 989.402
542, 989.402
543, 989.542
544, 989.562
545, 989.685
546, 989.72
547, 989.755
548, 989.759
549, 989.788
550, 989.788
551, 989.799
552, 990.024
553, 990.118
554, 990.218
555, 990.453
556, 990.561
557, 990.562
558, 990.599
559, 990.617
560, 990.67
561, 990.674
562, 990.71
563, 990.771
564, 990.84
565, 991.121
566, 991.253
567, 991.407
568, 991.479
569, 991.633
570, 991.652
571, 991.702
572, 991.843
573, 991.854
574, 991.963
575, 992.001
576, 992.042
577, 992.06
578, 992.12
579, 992.269
580, 992.307
581, 992.352
582, 992.553
583, 992.613
584, 992.917
585, 993.017
586, 993.037
587, 993.316
588, 993.384
589, 993.398
590, 993.411
591, 993.43
592, 993.462
593, 993.469
594, 993.568
595, 993.65
596, 993.693
597, 993.729
598, 993.807
599, 993.943
600, 994.041
601, 994.119
602, 994.119
603, 994.123
604, 994.157
605, 994.485
606, 994.545
607, 994.628
608, 994.723
609, 994.833
610, 995.08
611, 995.234
612, 995.236
613, 995.383
614, 995.52
615, 995.64
616, 995.759
617, 995.775
618, 995.95
619, 995.999
620, 996.035
621, 996.225
622, 996.24
623, 996.315
624, 996.355
625, 996.37
626, 996.404
627, 996.478
628, 996.485
629, 996.727
630, 996.77
631, 996.771
632, 996.807
633, 996.838
634, 996.89
635, 996.976
636, 997.022
637, 997.046
638, 997.056
639, 997.11
640, 997.204
641, 997.252
642, 997.287
643, 997.291
644, 997.324
645, 997.395
646, 997.395
647, 997.403
648, 997.421
649, 997.502
650, 997.551
651, 997.577
652, 997.679
653, 997.784
654, 997.873
655, 997.97
656, 998.119
657, 998.43
658, 998.477
659, 998.549
660, 998.664
661, 998.727
662, 998.774
663, 998.837
664, 998.845
665, 999.245
666, 999.455
667, 999.538
668, 999.569
669, 999.646
670, 999.694
671, 999.716
672, 999.782
673, 999.843
674, 999.859
675, 999.874
676, 999.91
677, 999.976
678, 1000.01
679, 1000.09
680, 1000.17
681, 1000.23
682, 1000.26
683, 1000.3
684, 1000.41
685, 1000.42
686, 1000.44
687, 1000.47
688, 1000.5
689, 1000.53
690, 1000.54
691, 1000.65
692, 1000.68
693, 1000.73
694, 1000.8
695, 1000.82
696, 1000.88
697, 1001.06
698, 1001.08
699, 1001.16
700, 1001.17
701, 1001.17
702, 1001.24
703, 1001.27
704, 1001.32
705, 1001.34
706, 1001.37
707, 1001.39
708, 1001.47
709, 1001.49
710, 1001.67
711, 1001.68
712, 1001.73
713, 1001.77
714, 1001.81
715, 1001.81
716, 1001.82
717, 1002.08
718, 1002.12
719, 1002.18
720, 1002.18
721, 1002.19
722, 1002.19
723, 1002.25
724, 1002.33
725, 1002.46
726, 1002.49
727, 1002.5
728, 1002.67
729, 1002.67
730, 1002.7
731, 1002.71
732, 1002.75
733, 1002.78
734, 1002.83
735, 1002.91
736, 1003
737, 1003.06
738, 1003.11
739, 1003.15
740, 1003.15
741, 1003.29
742, 1003.33
743, 1003.38
744, 1003.41
745, 1003.42
746, 1003.44
747, 1003.48
748, 1003.54
749, 1003.56
750, 1003.71
751, 1003.79
752, 1003.84
753, 1003.93
754, 1004.1
755, 1004.1
756, 1004.13
757, 1004.15
758, 1004.29
759, 1004.42
760, 1004.42
761, 1004.45
762, 1004.47
763, 1004.63
764, 1004.7
765, 1004.76
766, 1004.8
767, 1004.92
768, 1004.95
769, 1005.02
770, 1005.12
771, 1005.28
772, 1005.3
773, 1005.44
774, 1005.45
775, 1005.47
776, 1005.56
777, 1005.59
778, 1005.6
779, 1005.67
780, 1005.68
781, 1005.79
782, 1005.82
783, 1005.83
784, 1005.84
785, 1005.84
786, 1005.89
787, 1006.12
788, 1006.13
789, 1006.15
790, 1006.17
791, 1006.17
792, 1006.34
793, 1006.35
794, 1006.38
795, 1006.4
796, 1006.46
797, 1006.61
798, 1006.66
799, 1006.67
800, 1006.72
801, 1006.73
802, 1006.77
803, 1006.8
804, 1006.81
805, 1006.83
806, 1006.9
807, 1007.05
808, 1007.11
809, 1007.14
810, 1007.15
811, 1007.24
812, 1007.25
813, 1007.36
814, 1007.38
815, 1007.41
816, 1007.42
817, 1007.53
818, 1007.54
819, 1007.55
820, 1007.58
821, 1007.58
822, 1007.61
823, 1007.66
824, 1007.67
825, 1007.73
826, 1007.74
827, 1007.82
828, 1007.83
829, 1007.86
830, 1007.87
831, 1007.87
832, 1007.9
833, 1008.04
834, 1008.05
835, 1008.13
836, 1008.16
837, 1008.17
838, 1008.38
839, 1008.47
840, 1008.47
841, 1008.48
842, 1008.51
843, 1008.54
844, 1008.55
845, 1008.63
846, 1008.66
847, 1008.67
848, 1008.71
849, 1008.73
850, 1008.76
851, 1008.85
852, 1008.87
853, 1009
854, 1009.03
855, 1009.19
856, 1009.25
857, 1009.32
858, 1009.37
859, 1009.41
860, 1009.46
861, 1009.47
862, 1009.54
863, 1009.54
864, 1009.54
865, 1009.55
866, 1009.56
867, 1009.62
868, 1009.65
869, 1009.72
870, 1009.75
871, 1009.77
872, 1009.78
873, 1009.86
874, 1009.9
875, 1009.9
876, 1010.02
877, 1010.11
878, 1010.12
879, 1010.13
880, 1010.17
881, 1010.19
882, 1010.2
883, 1010.22
884, 1010.28
885, 1010.29
886, 1010.34
887, 1010.35
888, 1010.44
889, 1010.45
890, 1010.51
891, 1010.55
892, 1010.58
893, 1010.61
894, 1010.82
895, 1010.92
896, 1010.98
897, 1010.98
898, 1011.02
899, 1011.03
900, 1011.04
901, 1011.05
902, 1011.06
903, 1011.08
904, 1011.11
905, 1011.12
906, 1011.22
907, 1011.23
908, 1011.34
909, 1011.35
910, 1011.41
911, 1011.42
912, 1011.46
913, 1011.5
914, 1011.53
915, 1011.55
916, 1011.57
917, 1011.57
918, 1011.6
919, 1011.62
920, 1011.63
921, 1011.64
922, 1011.64
923, 1011.66
924, 1011.67
925, 1011.7
926, 1011.77
927, 1011.78
928, 1011.88
929, 1011.88
930, 1011.88
931, 1011.92
932, 1011.92
933, 1011.94
934, 1011.99
935, 1012.03
936, 1012.09
937, 1012.13
938, 1012.17
939, 1012.2
940, 1012.23
941, 1012.23
942, 1012.24
943, 1012.32
944, 1012.34
945, 1012.45
946, 1012.47
947, 1012.48
948, 1012.5
949, 1012.5
950, 1012.52
951, 1012.53
952, 1012.59
953, 1012.59
954, 1012.66
955, 1012.67
956, 1012.68
957, 1012.69
958, 1012.72
959, 1012.81
960, 1012.84
961, 1012.98
962, 1013
963, 1013.01
964, 1013.02
965, 1013.04
966, 1013.08
967, 1013.09
968, 1013.09
969, 1013.1
970, 1013.13
971, 1013.21
972, 1013.21
973, 1013.25
974, 1013.26
975, 1013.27
976, 1013.27
977, 1013.27
978, 1013.32
979, 1013.39
980, 1013.41
981, 1013.45
982, 1013.52
983, 1013.53
984, 1013.58
985, 1013.58
986, 1013.69
987, 1013.73
988, 1013.75
989, 1013.81
990, 1013.82
991, 1013.85
992, 1013.88
993, 1014.08
994, 1014.11
995, 1014.11
996, 1014.12
997, 1014.17
998, 1014.17
999, 1014.23
1000, 1014.23
1001, 1014.27
1002, 1014.33
1003, 1014.43
1004, 1014.49
1005, 1014.51
1006, 1014.52
1007, 1014.68
1008, 1014.7
1009, 1014.71
1010, 1014.75
1011, 1014.76
1012, 1014.76
1013, 1014.79
1014, 1014.9
1015, 1014.9
1016, 1014.95
1017, 1014.95
1018, 1015.04
1019, 1015.05
1020, 1015.26
1021, 1015.29
1022, 1015.31
1023, 1015.36
1024, 1015.43
1025, 1015.45
1026, 1015.47
1027, 1015.5
1028, 1015.51
1029, 1015.56
1030, 1015.56
1031, 1015.75
1032, 1015.79
1033, 1015.82
1034, 1015.86
1035, 1015.9
1036, 1015.93
1037, 1015.95
1038, 1016.01
1039, 1016.07
1040, 1016.11
1041, 1016.21
1042, 1016.24
1043, 1016.24
1044, 1016.27
1045, 1016.28
1046, 1016.32
1047, 1016.35
1048, 1016.41
1049, 1016.49
1050, 1016.51
1051, 1016.52
1052, 1016.54
1053, 1016.6
1054, 1016.67
1055, 1016.76
1056, 1016.91
1057, 1016.95
1058, 1016.95
1059, 1017.01
1060, 1017.03
1061, 1017.04
1062, 1017.06
1063, 1017.13
1064, 1017.23
1065, 1017.23
1066, 1017.29
1067, 1017.29
1068, 1017.36
1069, 1017.49
1070, 1017.52
1071, 1017.58
1072, 1017.62
1073, 1017.62
1074, 1017.69
1075, 1017.7
1076, 1017.71
1077, 1017.76
1078, 1017.76
1079, 1017.79
1080, 1017.82
1081, 1017.82
1082, 1017.88
1083, 1017.94
1084, 1018.03
1085, 1018.04
1086, 1018.05
1087, 1018.06
1088, 1018.08
1089, 1018.12
1090, 1018.12
1091, 1018.14
1092, 1018.17
1093, 1018.2
1094, 1018.23
1095, 1018.3
1096, 1018.32
1097, 1018.32
1098, 1018.41
1099, 1018.46
1100, 1018.47
1101, 1018.52
1102, 1018.56
1103, 1018.66
1104, 1018.72
1105, 1018.76
1106, 1018.77
1107, 1018.91
1108, 1018.93
1109, 1019
1110, 1019.01
1111, 1019.03
1112, 1019.04
1113, 1019.05
1114, 1019.1
1115, 1019.11
1116, 1019.12
1117, 1019.17
1118, 1019.22
1119, 1019.26
1120, 1019.26
1121, 1019.3
1122, 1019.32
1123, 1019.33
1124, 1019.34
1125, 1019.37
1126, 1019.37
1127, 1019.41
1128, 1019.47
1129, 1019.53
1130, 1019.54
1131, 1019.56
1132, 1019.6
1133, 1019.6
1134, 1019.62
1135, 1019.72
1136, 1019.74
1137, 1019.77
1138, 1019.79
1139, 1019.79
1140, 1019.82
1141, 1019.89
1142, 1019.92
1143, 1019.99
1144, 1019.99
1145, 1020.02
1146, 1020.05
1147, 1020.17
1148, 1020.19
1149, 1020.2
1150, 1020.21
1151, 1020.25
1152, 1020.27
1153, 1020.32
1154, 1020.37
1155, 1020.42
1156, 1020.42
1157, 1020.44
1158, 1020.46
1159, 1020.5
1160, 1020.54
1161, 1020.63
1162, 1020.65
1163, 1020.68
1164, 1020.69
1165, 1020.7
1166, 1020.74
1167, 1020.75
1168, 1020.77
1169, 1020.84
1170, 1020.85
1171, 1020.86
1172, 1020.88
1173, 1020.95
1174, 1021
1175, 1021
1176, 1021.02
1177, 1021.03
1178, 1021.03
1179, 1021.11
1180, 1021.14
1181, 1021.18
1182, 1021.27
1183, 1021.31
1184, 1021.32
1185, 1021.35
1186, 1021.39
1187, 1021.46
1188, 1021.52
1189, 1021.64
1190, 1021.64
1191, 1021.65
1192, 1021.66
1193, 1021.69
1194, 1021.72
1195, 1021.75
1196, 1021.83
1197, 1021.84
1198, 1021.92
1199, 1021.93
1200, 1021.98
1201, 1022.08
1202, 1022.18
1203, 1022.19
1204, 1022.19
1205, 1022.24
1206, 1022.32
1207, 1022.38
1208, 1022.45
1209, 1022.47
1210, 1022.48
1211, 1022.49
1212, 1022.5
1213, 1022.55
1214, 1022.66
1215, 1022.81
1216, 1022.86
1217, 1022.87
1218, 1022.99
1219, 1023.01
1220, 1023.03
1221, 1023.07
1222, 1023.08
1223, 1023.08
1224, 1023.08
1225, 1023.09
1226, 1023.12
1227, 1023.16
1228, 1023.17
1229, 1023.34
1230, 1023.35
1231, 1023.38
1232, 1023.43
1233, 1023.46
1234, 1023.46
1235, 1023.47
1236, 1023.49
1237, 1023.52
1238, 1023.57
1239, 1023.77
1240, 1023.8
1241, 1023.85
1242, 1023.86
1243, 1023.87
1244, 1023.96
1245, 1023.96
1246, 1023.96
1247, 1023.97
1248, 1023.98
1249, 1023.98
1250, 1024.03
1251, 1024.12
1252, 1024.15
1253, 1024.2
1254, 1024.23
1255, 1024.26
1256, 1024.27
1257, 1024.3
1258, 1024.35
1259, 1024.36
1260, 1024.39
1261, 1024.47
1262, 1024.53
1263, 1024.56
1264, 1024.57
1265, 1024.58
1266, 1024.61
1267, 1024.66
1268, 1024.66
1269, 1024.71
1270, 1024.75
1271, 1024.76
1272, 1024.78
1273, 1024.88
1274, 1024.91
1275, 1024.92
1276, 1024.96
1277, 1024.99
1278, 1025.02
1279, 1025.03
1280, 1025.04
1281, 1025.04
1282, 1025.08
1283, 1025.11
1284, 1025.11
1285, 1025.12
1286, 1025.13
1287, 1025.14
1288, 1025.15
1289, 1025.16
1290, 1025.16
1291, 1025.23
1292, 1025.23
1293, 1025.24
1294, 1025.24
1295, 1025.26
1296, 1025.28
1297, 1025.31
1298, 1025.31
1299, 1025.33
1300, 1025.38
1301, 1025.44
1302, 1025.48
1303, 1025.52
1304, 1025.56
1305, 1025.59
1306, 1025.71
1307, 1025.73
1308, 1025.75
1309, 1025.86
1310, 1025.89
1311, 1025.93
1312, 1025.94
1313, 1026.01
1314, 1026.02
1315, 1026.02
1316, 1026.03
1317, 1026.07
1318, 1026.08
1319, 1026.13
1320, 1026.13
1321, 1026.16
1322, 1026.16
1323, 1026.17
1324, 1026.18
1325, 1026.22
1326, 1026.24
1327, 1026.24
1328, 1026.27
1329, 1026.3
1330, 1026.32
1331, 1026.33
1332, 1026.35
1333, 1026.36
1334, 1026.49
1335, 1026.55
1336, 1026.6
1337, 1026.6
1338, 1026.6
1339, 1026.69
1340, 1026.71
1341, 1026.72
1342, 1026.73
1343, 1026.74
1344, 1026.76
1345, 1026.89
1346, 1026.91
1347, 1026.95
1348, 1026.96
1349, 1027
1350, 1027.01
1351, 1027.02
1352, 1027.04
1353, 1027.12
1354, 1027.16
1355, 1027.18
1356, 1027.22
1357, 1027.37
1358, 1027.4
1359, 1027.41
1360, 1027.52
1361, 1027.59
1362, 1027.63
1363, 1027.66
1364, 1027.7
1365, 1027.73
1366, 1027.8
1367, 1027.81
1368, 1027.82
1369, 1027.83
1370, 1027.85
1371, 1027.87
1372, 1027.95
1373, 1027.99
1374, 1028.01
1375, 1028.03
1376, 1028.03
1377, 1028.11
1378, 1028.19
1379, 1028.19
1380, 1028.19
1381, 1028.2
1382, 1028.24
1383, 1028.3
1384, 1028.31
1385, 1028.31
1386, 1028.33
1387, 1028.34
1388, 1028.36
1389, 1028.38
1390, 1028.44
1391, 1028.52
1392, 1028.52
1393, 1028.52
1394, 1028.52
1395, 1028.53
1396, 1028.54
1397, 1028.56
1398, 1028.59
1399, 1028.62
1400, 1028.73
1401, 1028.76
1402, 1028.76
1403, 1028.78
1404, 1028.82
1405, 1028.83
1406, 1028.84
1407, 1028.86
1408, 1028.87
1409, 1028.91
1410, 1028.92
1411, 1028.93
1412, 1028.95
1413, 1028.95
1414, 1028.96
1415, 1028.98
1416, 1029.05
1417, 1029.05
1418, 1029.11
1419, 1029.17
1420, 1029.18
1421, 1029.21
1422, 1029.21
1423, 1029.22
1424, 1029.25
1425, 1029.25
1426, 1029.28
1427, 1029.28
1428, 1029.3
1429, 1029.32
1430, 1029.32
1431, 1029.33
1432, 1029.39
1433, 1029.4
1434, 1029.4
1435, 1029.41
1436, 1029.42
1437, 1029.48
1438, 1029.51
1439, 1029.51
1440, 1029.54
1441, 1029.55
1442, 1029.57
1443, 1029.59
1444, 1029.61
1445, 1029.63
1446, 1029.63
1447, 1029.68
1448, 1029.68
1449, 1029.71
1450, 1029.71
1451, 1029.75
1452, 1029.76
1453, 1029.76
1454, 1029.77
1455, 1029.81
1456, 1029.83
1457, 1029.86
1458, 1029.86
1459, 1029.86
1460, 1029.87
1461, 1029.98
1462, 1030.06
1463, 1030.06
1464, 1030.08
1465, 1030.15
1466, 1030.19
1467, 1030.23
1468, 1030.25
1469, 1030.28
1470, 1030.29
1471, 1030.33
1472, 1030.34
1473, 1030.35
1474, 1030.36
1475, 1030.36
1476, 1030.39
1477, 1030.4
1478, 1030.42
1479, 1030.42
1480, 1030.43
1481, 1030.43
1482, 1030.47
1483, 1030.49
1484, 1030.51
1485, 1030.53
1486, 1030.55
1487, 1030.56
1488, 1030.56
1489, 1030.58
1490, 1030.59
1491, 1030.59
1492, 1030.6
1493, 1030.61
1494, 1030.64
1495, 1030.66
1496, 1030.66
1497, 1030.68
1498, 1030.69
1499, 1030.69
1500, 1030.73
1501, 1030.73
1502, 1030.73
1503, 1030.76
1504, 1030.78
1505, 1030.88
1506, 1030.92
1507, 1030.95
1508, 1030.95
1509, 1030.99
1510, 1031.01
1511, 1031.03
1512, 1031.04
1513, 1031.05
1514, 1031.08
1515, 1031.12
1516, 1031.13
1517, 1031.16
1518, 1031.16
1519, 1031.17
1520, 1031.23
1521, 1031.24
1522, 1031.26
1523, 1031.35
1524, 1031.36
1525, 1031.39
1526, 1031.4
1527, 1031.41
1528, 1031.45
1529, 1031.5
1530, 1031.54
1531, 1031.56
1532, 1031.57
1533, 1031.58
1534, 1031.72
1535, 1031.76
1536, 1031.78
1537, 1031.83
1538, 1031.88
1539, 1031.9
1540, 1031.91
1541, 1031.96
1542, 1032.03
1543, 1032.05
1544, 1032.07
1545, 1032.07
1546, 1032.1
1547, 1032.1
1548, 1032.12
1549, 1032.15
1550, 1032.23
1551, 1032.28
1552, 1032.39
1553, 1032.4
1554, 1032.41
1555, 1032.46
1556, 1032.49
1557, 1032.51
1558, 1032.52
1559, 1032.53
1560, 1032.54
1561, 1032.55
1562, 1032.57
1563, 1032.57
1564, 1032.61
1565, 1032.65
1566, 1032.68
1567, 1032.73
1568, 1032.75
1569, 1032.77
1570, 1032.79
1571, 1032.79
1572, 1032.8
1573, 1032.84
1574, 1032.85
1575, 1032.89
1576, 1032.95
1577, 1032.96
1578, 1032.96
1579, 1032.98
1580, 1033.01
1581, 1033.01
1582, 1033.01
1583, 1033.1
1584, 1033.12
1585, 1033.14
1586, 1033.22
1587, 1033.22
1588, 1033.22
1589, 1033.3
1590, 1033.33
1591, 1033.4
1592, 1033.42
1593, 1033.45
1594, 1033.49
1595, 1033.49
1596, 1033.51
1597, 1033.54
1598, 1033.58
1599, 1033.61
1600, 1033.66
1601, 1033.76
1602, 1033.8
1603, 1033.8
1604, 1033.81
1605, 1033.88
1606, 1033.89
1607, 1033.9
1608, 1033.91
1609, 1033.92
1610, 1033.93
1611, 1033.95
1612, 1033.98
1613, 1033.99
1614, 1033.99
1615, 1034
1616, 1034.02
1617, 1034.05
1618, 1034.06
1619, 1034.08
1620, 1034.09
1621, 1034.1
1622, 1034.1
1623, 1034.11
1624, 1034.16
1625, 1034.17
1626, 1034.19
1627, 1034.19
1628, 1034.19
1629, 1034.2
1630, 1034.23
1631, 1034.24
1632, 1034.28
1633, 1034.41
1634, 1034.42
1635, 1034.43
1636, 1034.44
1637, 1034.53
1638, 1034.61
1639, 1034.64
1640, 1034.67
1641, 1034.71
1642, 1034.72
1643, 1034.73
1644, 1034.83
1645, 1034.83
1646, 1034.93
1647, 1034.94
1648, 1034.96
1649, 1035.01
1650, 1035.04
1651, 1035.08
1652, 1035.09
1653, 1035.13
1654, 1035.14
1655, 1035.16
1656, 1035.18
1657, 1035.18
1658, 1035.23
1659, 1035.24
1660, 1035.24
1661, 1035.25
1662, 1035.29
1663, 1035.29
1664, 1035.31
1665, 1035.35
1666, 1035.36
1667, 1035.37
1668, 1035.44
1669, 1035.45
1670, 1035.46
1671, 1035.46
1672, 1035.52
1673, 1035.53
1674, 1035.53
1675, 1035.55
1676, 1035.56
1677, 1035.58
1678, 1035.63
1679, 1035.63
1680, 1035.63
1681, 1035.63
1682, 1035.65
1683, 1035.66
1684, 1035.68
1685, 1035.68
1686, 1035.71
1687, 1035.8
1688, 1035.8
1689, 1035.83
1690, 1035.83
1691, 1035.87
1692, 1035.87
1693, 1035.89
1694, 1035.9
1695, 1035.92
1696, 1035.93
1697, 1035.94
1698, 1035.95
1699, 1036
1700, 1036.05
1701, 1036.06
1702, 1036.06
1703, 1036.06
1704, 1036.08
1705, 1036.09
1706, 1036.18
1707, 1036.2
1708, 1036.22
1709, 1036.22
1710, 1036.27
1711, 1036.29
1712, 1036.29
1713, 1036.3
1714, 1036.3
1715, 1036.32
1716, 1036.33
1717, 1036.33
1718, 1036.34
1719, 1036.39
1720, 1036.39
1721, 1036.4
1722, 1036.41
1723, 1036.41
1724, 1036.44
1725, 1036.45
1726, 1036.47
1727, 1036.53
1728, 1036.54
1729, 1036.6
1730, 1036.66
1731, 1036.67
1732, 1036.67
1733, 1036.72
1734, 1036.72
1735, 1036.75
1736, 1036.75
1737, 1036.86
1738, 1036.87
1739, 1036.87
1740, 1036.88
1741, 1036.88
1742, 1036.89
1743, 1036.93
1744, 1036.96
1745, 1036.97
1746, 1036.98
1747, 1036.99
1748, 1036.99
1749, 1037
1750, 1037.01
1751, 1037.01
1752, 1037.04
1753, 1037.05
1754, 1037.06
1755, 1037.09
1756, 1037.16
1757, 1037.2
1758, 1037.24
1759, 1037.25
1760, 1037.27
1761, 1037.29
1762, 1037.38
1763, 1037.39
1764, 1037.4
1765, 1037.43
1766, 1037.45
1767, 1037.46
1768, 1037.47
1769, 1037.5
1770, 1037.53
1771, 1037.6
1772, 1037.63
1773, 1037.63
1774, 1037.65
1775, 1037.66
1776, 1037.68
1777, 1037.75
1778, 1037.75
1779, 1037.76
1780, 1037.76
1781, 1037.8
1782, 1037.83
1783, 1037.85
1784, 1037.85
1785, 1037.86
1786, 1037.89
1787, 1037.91
1788, 1037.91
1789, 1037.91
1790, 1037.92
1791, 1037.93
1792, 1037.94
1793, 1038
1794, 1038.11
1795, 1038.12
1796, 1038.15
1797, 1038.15
1798, 1038.18
1799, 1038.19
1800, 1038.24
1801, 1038.26
1802, 1038.27
1803, 1038.28
1804, 1038.29
1805, 1038.32
1806, 1038.34
1807, 1038.35
1808, 1038.35
1809, 1038.36
1810, 1038.36
1811, 1038.42
1812, 1038.42
1813, 1038.43
1814, 1038.44
1815, 1038.47
1816, 1038.48
1817, 1038.49
1818, 1038.51
1819, 1038.52
1820, 1038.52
1821, 1038.55
1822, 1038.59
1823, 1038.6
1824, 1038.61
1825, 1038.61
1826, 1038.68
1827, 1038.69
1828, 1038.73
1829, 1038.75
1830, 1038.79
1831, 1038.79
1832, 1038.8
1833, 1038.83
1834, 1038.83
1835, 1038.94
1836, 1038.96
1837, 1038.96
1838, 1038.97
1839, 1038.98
1840, 1038.98
1841, 1039
1842, 1039
1843, 1039.04
1844, 1039.06
1845, 1039.06
1846, 1039.06
1847, 1039.07
1848, 1039.1
1849, 1039.11
1850, 1039.18
1851, 1039.2
1852, 1039.21
1853, 1039.21
1854, 1039.23
1855, 1039.23
1856, 1039.25
1857, 1039.29
1858, 1039.33
1859, 1039.34
1860, 1039.34
1861, 1039.37
1862, 1039.44
1863, 1039.44
1864, 1039.45
1865, 1039.48
1866, 1039.5
1867, 1039.51
1868, 1039.51
1869, 1039.55
1870, 1039.56
1871, 1039.57
1872, 1039.59
1873, 1039.63
1874, 1039.65
1875, 1039.67
1876, 1039.7
1877, 1039.72
1878, 1039.73
1879, 1039.75
1880, 1039.82
1881, 1039.85
1882, 1039.86
1883, 1039.91
1884, 1039.95
1885, 1039.95
1886, 1039.97
1887, 1039.99
1888, 1040.02
1889, 1040.02
1890, 1040.03
1891, 1040.04
1892, 1040.05
1893, 1040.05
1894, 1040.07
1895, 1040.08
1896, 1040.15
1897, 1040.15
1898, 1040.17
1899, 1040.18
1900, 1040.2
1901, 1040.21
1902, 1040.21
1903, 1040.21
1904, 1040.22
1905, 1040.29
1906, 1040.31
1907, 1040.33
1908, 1040.37
1909, 1040.42
1910, 1040.46
1911, 1040.46
1912, 1040.47
1913, 1040.47
1914, 1040.48
1915, 1040.48
1916, 1040.49
1917, 1040.5
1918, 1040.51
1919, 1040.53
1920, 1040.6
1921, 1040.64
1922, 1040.65
1923, 1040.66
1924, 1040.76
1925, 1040.77
1926, 1040.79
1927, 1040.79
1928, 1040.81
1929, 1040.84
1930, 1040.87
1931, 1040.88
1932, 1040.96
1933, 1040.97
1934, 1040.98
1935, 1040.99
1936, 1040.99
1937, 1041.03
1938, 1041.05
1939, 1041.1
1940, 1041.19
1941, 1041.21
1942, 1041.22
1943, 1041.26
1944, 1041.29
1945, 1041.31
1946, 1041.32
1947, 1041.32
1948, 1041.33
1949, 1041.34
1950, 1041.35
1951, 1041.36
1952, 1041.38
1953, 1041.39
1954, 1041.39
1955, 1041.39
1956, 1041.39
1957, 1041.4
1958, 1041.46
1959, 1041.47
1960, 1041.47
1961, 1041.49
1962, 1041.54
1963, 1041.54
1964, 1041.57
1965, 1041.59
1966, 1041.6
1967, 1041.69
1968, 1041.7
1969, 1041.73
1970, 1041.73
1971, 1041.76
1972, 1041.77
1973, 1041.79
1974, 1041.86
1975, 1041.96
1976, 1041.96
1977, 1041.98
1978, 1042.01
1979, 1042.02
1980, 1042.04
1981, 1042.04
1982, 1042.04
1983, 1042.06
1984, 1042.08
1985, 1042.1
1986, 1042.1
1987, 1042.12
1988, 1042.14
1989, 1042.16
1990, 1042.16
1991, 1042.18
1992, 1042.18
1993, 1042.19
1994, 1042.21
1995, 1042.23
1996, 1042.23
1997, 1042.24
1998, 1042.25
1999, 1042.26
2000, 1042.3
2001, 1042.38
2002, 1042.42
2003, 1042.44
2004, 1042.44
2005, 1042.44
2006, 1042.46
2007, 1042.46
2008, 1042.47
2009, 1042.52
2010, 1042.54
2011, 1042.56
2012, 1042.63
2013, 1042.64
2014, 1042.65
2015, 1042.66
2016, 1042.72
2017, 1042.76
2018, 1042.78
2019, 1042.79
2020, 1042.79
2021, 1042.85
2022, 1042.85
2023, 1042.86
2024, 1042.86
2025, 1042.88
2026, 1042.89
2027, 1042.91
2028, 1042.95
2029, 1042.95
2030, 1042.95
2031, 1042.96
2032, 1042.99
2033, 1043.01
2034, 1043.02
2035, 1043.07
2036, 1043.1
2037, 1043.13
2038, 1043.17
2039, 1043.17
2040, 1043.18
2041, 1043.22
2042, 1043.23
2043, 1043.26
2044, 1043.27
2045, 1043.36
2046, 1043.38
2047, 1043.41
2048, 1043.42
2049, 1043.43
2050, 1043.44
2051, 1043.46
2052, 1043.49
2053, 1043.49
2054, 1043.54
2055, 1043.57
2056, 1043.6
2057, 1043.61
2058, 1043.61
2059, 1043.65
2060, 1043.67
2061, 1043.68
2062, 1043.71
2063, 1043.72
2064, 1043.73
2065, 1043.77
2066, 1043.8
2067, 1043.81
2068, 1043.82
2069, 1043.88
2070, 1043.89
2071, 1043.9
2072, 1043.93
2073, 1043.93
2074, 1043.95
2075, 1043.96
2076, 1043.97
2077, 1043.98
2078, 1043.99
2079, 1044.05
2080, 1044.06
2081, 1044.08
2082, 1044.1
2083, 1044.15
2084, 1044.16
2085, 1044.2
2086, 1044.25
2087, 1044.26
2088, 1044.27
2089, 1044.33
2090, 1044.33
2091, 1044.36
2092, 1044.37
2093, 1044.37
2094, 1044.38
2095, 1044.39
2096, 1044.4
2097, 1044.42
2098, 1044.47
2099, 1044.51
2100, 1044.53
2101, 1044.53
2102, 1044.53
2103, 1044.55
2104, 1044.56
2105, 1044.58
2106, 1044.6
2107, 1044.62
2108, 1044.63
2109, 1044.64
2110, 1044.64
2111, 1044.68
2112, 1044.7
2113, 1044.7
2114, 1044.73
2115, 1044.74
2116, 1044.75
2117, 1044.77
2118, 1044.79
2119, 1044.82
2120, 1044.86
2121, 1044.87
2122, 1044.88
2123, 1044.89
2124, 1044.9
2125, 1044.92
2126, 1044.95
2127, 1044.95
2128, 1045
2129, 1045
2130, 1045.01
2131, 1045.05
2132, 1045.08
2133, 1045.08
2134, 1045.09
2135, 1045.1
2136, 1045.1
2137, 1045.11
2138, 1045.13
2139, 1045.13
2140, 1045.14
2141, 1045.14
2142, 1045.17
2143, 1045.21
2144, 1045.3
2145, 1045.3
2146, 1045.3
2147, 1045.31
2148, 1045.36
2149, 1045.41
2150, 1045.45
2151, 1045.47
2152, 1045.48
2153, 1045.48
2154, 1045.5
2155, 1045.51
2156, 1045.51
2157, 1045.52
2158, 1045.53
2159, 1045.54
2160, 1045.55
2161, 1045.55
2162, 1045.55
2163, 1045.59
2164, 1045.6
2165, 1045.61
2166, 1045.62
2167, 1045.64
2168, 1045.65
2169, 1045.65
2170, 1045.67
2171, 1045.68
2172, 1045.69
2173, 1045.7
2174, 1045.72
2175, 1045.75
2176, 1045.77
2177, 1045.82
2178, 1045.82
2179, 1045.84
2180, 1045.86
2181, 1045.86
2182, 1045.86
2183, 1045.89
2184, 1045.89
2185, 1045.9
2186, 1045.9
2187, 1045.92
2188, 1045.92
2189, 1045.95
2190, 1045.95
2191, 1045.96
2192, 1045.96
2193, 1045.96
2194, 1045.97
2195, 1046
2196, 1046
2197, 1046.01
2198, 1046.02
2199, 1046.05
2200, 1046.07
2201, 1046.08
2202, 1046.09
2203, 1046.1
2204, 1046.11
2205, 1046.11
2206, 1046.16
2207, 1046.16
2208, 1046.18
2209, 1046.19
2210, 1046.21
2211, 1046.22
2212, 1046.3
2213, 1046.33
2214, 1046.34
2215, 1046.34
2216, 1046.35
2217, 1046.37
2218, 1046.4
2219, 1046.4
2220, 1046.42
2221, 1046.43
2222, 1046.46
2223, 1046.46
2224, 1046.48
2225, 1046.5
2226, 1046.53
2227, 1046.54
2228, 1046.54
2229, 1046.55
2230, 1046.55
2231, 1046.59
2232, 1046.63
2233, 1046.65
2234, 1046.68
2235, 1046.68
2236, 1046.75
2237, 1046.8
2238, 1046.8
2239, 1046.83
2240, 1046.85
2241, 1046.87
2242, 1046.88
2243, 1046.89
2244, 1046.89
2245, 1046.91
2246, 1046.91
2247, 1046.97
2248, 1046.97
2249, 1046.98
2250, 1046.98
2251, 1047.01
2252, 1047.01
2253, 1047.07
2254, 1047.08
2255, 1047.12
2256, 1047.12
2257, 1047.17
2258, 1047.18
2259, 1047.19
2260, 1047.21
2261, 1047.23
2262, 1047.23
2263, 1047.24
2264, 1047.25
2265, 1047.28
2266, 1047.29
2267, 1047.3
2268, 1047.34
2269, 1047.34
2270, 1047.34
2271, 1047.36
2272, 1047.36
2273, 1047.4
2274, 1047.4
2275, 1047.43
2276, 1047.43
2277, 1047.43
2278, 1047.44
2279, 1047.45
2280, 1047.5
2281, 1047.51
2282, 1047.51
2283, 1047.52
2284, 1047.55
2285, 1047.59
2286, 1047.6
2287, 1047.66
2288, 1047.68
2289, 1047.69
2290, 1047.71
2291, 1047.72
2292, 1047.73
2293, 1047.79
2294, 1047.81
2295, 1047.82
2296, 1047.83
2297, 1047.84
2298, 1047.92
2299, 1047.93
2300, 1047.98
2301, 1047.99
2302, 1048
2303, 1048.01
2304, 1048.04
2305, 1048.07
2306, 1048.09
2307, 1048.1
2308, 1048.14
2309, 1048.15
2310, 1048.15
2311, 1048.17
2312, 1048.17
2313, 1048.18
2314, 1048.19
2315, 1048.24
2316, 1048.25
2317, 1048.25
2318, 1048.25
2319, 1048.26
2320, 1048.27
2321, 1048.29
2322, 1048.3
2323, 1048.3
2324, 1048.33
2325, 1048.35
2326, 1048.39
2327, 1048.41
2328, 1048.42
2329, 1048.44
2330, 1048.48
2331, 1048.51
2332, 1048.53
2333, 1048.55
2334, 1048.56
2335, 1048.58
2336, 1048.59
2337, 1048.61
2338, 1048.62
2339, 1048.64
2340, 1048.66
2341, 1048.68
2342, 1048.7
2343, 1048.71
2344, 1048.75
2345, 1048.78
2346, 1048.78
2347, 1048.78
2348, 1048.8
2349, 1048.8
2350, 1048.83
2351, 1048.84
2352, 1048.86
2353, 1048.88
2354, 1048.89
2355, 1048.89
2356, 1048.9
2357, 1048.9
2358, 1048.9
2359, 1048.93
2360, 1048.93
2361, 1048.95
2362, 1048.97
2363, 1048.98
2364, 1049
2365, 1049
2366, 1049.01
2367, 1049.02
2368, 1049.04
2369, 1049.05
2370, 1049.06
2371, 1049.07
2372, 1049.08
2373, 1049.11
2374, 1049.11
2375, 1049.11
2376, 1049.12
2377, 1049.14
2378, 1049.16
2379, 1049.19
2380, 1049.2
2381, 1049.22
2382, 1049.22
2383, 1049.22
2384, 1049.23
2385, 1049.24
2386, 1049.25
2387, 1049.32
2388, 1049.34
2389, 1049.38
2390, 1049.39
2391, 1049.41
2392, 1049.41
2393, 1049.43
2394, 1049.43
2395, 1049.45
2396, 1049.5
2397, 1049.51
2398, 1049.54
2399, 1049.56
2400, 1049.56
2401, 1049.58
2402, 1049.63
2403, 1049.67
2404, 1049.71
2405, 1049.74
2406, 1049.75
2407, 1049.78
2408, 1049.8
2409, 1049.82
2410, 1049.82
2411, 1049.87
2412, 1049.88
2413, 1049.9
2414, 1049.9
2415, 1049.93
2416, 1049.94
2417, 1049.95
2418, 1049.95
2419, 1050
2420, 1050.05
2421, 1050.07
2422, 1050.1
2423, 1050.1
2424, 1050.16
2425, 1050.17
2426, 1050.18
2427, 1050.19
2428, 1050.2
2429, 1050.2
2430, 1050.21
2431, 1050.28
2432, 1050.29
2433, 1050.34
2434, 1050.38
2435, 1050.39
2436, 1050.41
2437, 1050.44
2438, 1050.44
2439, 1050.44
2440, 1050.46
2441, 1050.46
2442, 1050.46
2443, 1050.46
2444, 1050.47
2445, 1050.48
2446, 1050.5
2447, 1050.51
2448, 1050.54
2449, 1050.55
2450, 1050.57
2451, 1050.57
2452, 1050.58
2453, 1050.58
2454, 1050.58
2455, 1050.65
2456, 1050.68
2457, 1050.7
2458, 1050.73
2459, 1050.75
2460, 1050.76
2461, 1050.78
2462, 1050.79
2463, 1050.8
2464, 1050.81
2465, 1050.83
2466, 1050.84
2467, 1050.85
2468, 1050.88
2469, 1050.89
2470, 1050.9
2471, 1050.9
2472, 1050.93
2473, 1050.94
2474, 1050.95
2475, 1050.97
2476, 1051
2477, 1051
2478, 1051.04
2479, 1051.06
2480, 1051.07
2481, 1051.07
2482, 1051.08
2483, 1051.1
2484, 1051.1
2485, 1051.11
2486, 1051.11
2487, 1051.12
2488, 1051.13
2489, 1051.13
2490, 1051.14
2491, 1051.16
2492, 1051.17
2493, 1051.19
2494, 1051.21
2495, 1051.21
2496, 1051.22
2497, 1051.23
2498, 1051.26
2499, 1051.28
2500, 1051.3
2501, 1051.31
2502, 1051.37
2503, 1051.38
2504, 1051.4
2505, 1051.41
2506, 1051.43
2507, 1051.43
2508, 1051.45
2509, 1051.45
2510, 1051.46
2511, 1051.53
2512, 1051.54
2513, 1051.55
2514, 1051.6
2515, 1051.61
2516, 1051.62
2517, 1051.67
2518, 1051.69
2519, 1051.7
2520, 1051.7
2521, 1051.73
2522, 1051.75
2523, 1051.75
2524, 1051.76
2525, 1051.76
2526, 1051.76
2527, 1051.77
2528, 1051.78
2529, 1051.79
2530, 1051.8
2531, 1051.83
2532, 1051.83
2533, 1051.83
2534, 1051.83
2535, 1051.89
2536, 1051.89
2537, 1051.9
2538, 1051.9
2539, 1051.91
2540, 1051.93
2541, 1051.93
2542, 1051.96
2543, 1051.97
2544, 1052.01
2545, 1052.03
2546, 1052.05
2547, 1052.06
2548, 1052.07
2549, 1052.07
2550, 1052.09
2551, 1052.1
2552, 1052.16
2553, 1052.17
2554, 1052.19
2555, 1052.22
2556, 1052.23
2557, 1052.25
2558, 1052.27
2559, 1052.29
2560, 1052.34
2561, 1052.35
2562, 1052.37
2563, 1052.37
2564, 1052.38
2565, 1052.41
2566, 1052.42
2567, 1052.44
2568, 1052.45
2569, 1052.45
2570, 1052.47
2571, 1052.47
2572, 1052.47
2573, 1052.47
2574, 1052.48
2575, 1052.49
2576, 1052.51
2577, 1052.53
2578, 1052.54
2579, 1052.54
2580, 1052.56
2581, 1052.56
2582, 1052.6
2583, 1052.67
2584, 1052.69
2585, 1052.71
2586, 1052.71
2587, 1052.72
2588, 1052.73
2589, 1052.75
2590, 1052.78
2591, 1052.79
2592, 1052.8
2593, 1052.82
2594, 1052.83
2595, 1052.83
2596, 1052.89
2597, 1052.9
2598, 1052.91
2599, 1052.92
2600, 1052.92
2601, 1052.93
2602, 1052.94
2603, 1052.94
2604, 1052.96
2605, 1052.97
2606, 1053.05
2607, 1053.05
2608, 1053.07
2609, 1053.09
2610, 1053.12
2611, 1053.15
2612, 1053.21
2613, 1053.23
2614, 1053.24
2615, 1053.26
2616, 1053.28
2617, 1053.33
2618, 1053.35
2619, 1053.37
2620, 1053.39
2621, 1053.41
2622, 1053.43
2623, 1053.44
2624, 1053.5
2625, 1053.5
2626, 1053.51
2627, 1053.52
2628, 1053.56
2629, 1053.57
2630, 1053.59
2631, 1053.59
2632, 1053.61
2633, 1053.63
2634, 1053.64
2635, 1053.66
2636, 1053.67
2637, 1053.71
2638, 1053.72
2639, 1053.74
2640, 1053.77
2641, 1053.81
2642, 1053.83
2643, 1053.83
2644, 1053.84
2645, 1053.87
2646, 1053.88
2647, 1053.88
2648, 1053.9
2649, 1053.94
2650, 1053.95
2651, 1053.99
2652, 1054.03
2653, 1054.04
2654, 1054.05
2655, 1054.06
2656, 1054.07
2657, 1054.07
2658, 1054.08
2659, 1054.09
2660, 1054.11
2661, 1054.16
2662, 1054.17
2663, 1054.19
2664, 1054.2
2665, 1054.2
2666, 1054.21
2667, 1054.23
2668, 1054.25
2669, 1054.27
2670, 1054.33
2671, 1054.34
2672, 1054.34
2673, 1054.34
2674, 1054.35
2675, 1054.36
2676, 1054.37
2677, 1054.39
2678, 1054.4
2679, 1054.4
2680, 1054.42
2681, 1054.42
2682, 1054.45
2683, 1054.46
2684, 1054.46
2685, 1054.48
2686, 1054.49
2687, 1054.51
2688, 1054.51
2689, 1054.51
2690, 1054.54
2691, 1054.55
2692, 1054.55
2693, 1054.56
2694, 1054.57
2695, 1054.59
2696, 1054.59
2697, 1054.6
2698, 1054.62
2699, 1054.66
2700, 1054.7
2701, 1054.71
2702, 1054.78
2703, 1054.82
2704, 1054.87
2705, 1054.88
2706, 1054.91
2707, 1054.92
2708, 1054.96
2709, 1054.99
2710, 1055
2711, 1055.02
2712, 1055.02
2713, 1055.05
2714, 1055.08
2715, 1055.09
2716, 1055.1
2717, 1055.12
2718, 1055.14
2719, 1055.14
2720, 1055.15
2721, 1055.16
2722, 1055.18
2723, 1055.18
2724, 1055.2
2725, 1055.22
2726, 1055.22
2727, 1055.23
2728, 1055.28
2729, 1055.3
2730, 1055.3
2731, 1055.32
2732, 1055.33
2733, 1055.35
2734, 1055.35
2735, 1055.37
2736, 1055.39
2737, 1055.45
2738, 1055.46
2739, 1055.51
2740, 1055.51
2741, 1055.53
2742, 1055.55
2743, 1055.55
2744, 1055.61
2745, 1055.62
2746, 1055.62
2747, 1055.64
2748, 1055.65
2749, 1055.65
2750, 1055.65
2751, 1055.66
2752, 1055.68
2753, 1055.69
2754, 1055.7
2755, 1055.71
2756, 1055.72
2757, 1055.74
2758, 1055.74
2759, 1055.75
2760, 1055.75
2761, 1055.76
2762, 1055.79
2763, 1055.8
2764, 1055.8
2765, 1055.81
2766, 1055.82
2767, 1055.84
2768, 1055.87
2769, 1055.92
2770, 1055.92
2771, 1055.97
2772, 1055.99
2773, 1056.02
2774, 1056.03
2775, 1056.05
2776, 1056.05
2777, 1056.06
2778, 1056.11
2779, 1056.13
2780, 1056.14
2781, 1056.15
2782, 1056.16
2783, 1056.23
2784, 1056.25
2785, 1056.28
2786, 1056.29
2787, 1056.33
2788, 1056.35
2789, 1056.37
2790, 1056.38
2791, 1056.39
2792, 1056.43
2793, 1056.43
2794, 1056.44
2795, 1056.44
2796, 1056.46
2797, 1056.47
2798, 1056.48
2799, 1056.5
2800, 1056.51
2801, 1056.51
2802, 1056.56
2803, 1056.57
2804, 1056.58
2805, 1056.59
2806, 1056.61
2807, 1056.61
2808, 1056.64
2809, 1056.65
2810, 1056.7
2811, 1056.73
2812, 1056.74
2813, 1056.75
2814, 1056.76
2815, 1056.83
2816, 1056.88
2817, 1056.88
2818, 1056.96
2819, 1056.97
2820, 1056.98
2821, 1056.98
2822, 1056.98
2823, 1056.99
2824, 1056.99
2825, 1057.01
2826, 1057.01
2827, 1057.01
2828, 1057.02
2829, 1057.05
2830, 1057.05
2831, 1057.05
2832, 1057.05
2833, 1057.07
2834, 1057.07
2835, 1057.08
2836, 1057.1
2837, 1057.11
2838, 1057.11
2839, 1057.12
2840, 1057.15
2841, 1057.17
2842, 1057.19
2843, 1057.2
2844, 1057.22
2845, 1057.22
2846, 1057.25
2847, 1057.25
2848, 1057.26
2849, 1057.31
2850, 1057.32
2851, 1057.32
2852, 1057.32
2853, 1057.33
2854, 1057.34
2855, 1057.35
2856, 1057.36
2857, 1057.36
2858, 1057.36
2859, 1057.37
2860, 1057.4
2861, 1057.4
2862, 1057.41
2863, 1057.43
2864, 1057.44
2865, 1057.5
2866, 1057.51
2867, 1057.52
2868, 1057.53
2869, 1057.53
2870, 1057.54
2871, 1057.56
2872, 1057.57
2873, 1057.59
2874, 1057.59
2875, 1057.6
2876, 1057.6
2877, 1057.63
2878, 1057.64
2879, 1057.66
2880, 1057.66
2881, 1057.67
2882, 1057.7
2883, 1057.7
2884, 1057.72
2885, 1057.73
2886, 1057.76
2887, 1057.77
2888, 1057.81
2889, 1057.81
2890, 1057.83
2891, 1057.87
2892, 1057.88
2893, 1057.88
2894, 1057.89
2895, 1057.91
2896, 1057.91
2897, 1057.97
2898, 1057.97
2899, 1057.97
2900, 1057.98
2901, 1057.98
2902, 1057.98
2903, 1058
2904, 1058.01
2905, 1058.01
2906, 1058.04
2907, 1058.08
2908, 1058.08
2909, 1058.09
2910, 1058.11
2911, 1058.12
2912, 1058.12
2913, 1058.13
2914, 1058.14
2915, 1058.17
2916, 1058.2
2917, 1058.22
2918, 1058.27
2919, 1058.28
2920, 1058.29
2921, 1058.29
2922, 1058.3
2923, 1058.3
2924, 1058.35
2925, 1058.35
2926, 1058.35
2927, 1058.37
2928, 1058.37
2929, 1058.37
2930, 1058.42
2931, 1058.42
2932, 1058.44
2933, 1058.45
2934, 1058.48
2935, 1058.49
2936, 1058.51
2937, 1058.56
2938, 1058.57
2939, 1058.62
2940, 1058.66
2941, 1058.67
2942, 1058.68
2943, 1058.69
2944, 1058.7
2945, 1058.71
2946, 1058.72
2947, 1058.73
2948, 1058.74
2949, 1058.77
2950, 1058.78
2951, 1058.78
2952, 1058.8
2953, 1058.83
2954, 1058.85
2955, 1058.88
2956, 1058.91
2957, 1058.92
2958, 1058.93
2959, 1058.97
2960, 1058.99
2961, 1059.01
2962, 1059.07
2963, 1059.07
2964, 1059.08
2965, 1059.09
2966, 1059.1
2967, 1059.14
2968, 1059.16
2969, 1059.17
2970, 1059.23
2971, 1059.24
2972, 1059.24
2973, 1059.24
2974, 1059.27
2975, 1059.28
2976, 1059.3
2977, 1059.3
2978, 1059.34
2979, 1059.34
2980, 1059.34
2981, 1059.36
2982, 1059.38
2983, 1059.39
2984, 1059.39
2985, 1059.39
2986, 1059.42
2987, 1059.44
2988, 1059.46
2989, 1059.46
2990, 1059.5
2991, 1059.51
2992, 1059.52
2993, 1059.53
2994, 1059.53
2995, 1059.53
2996, 1059.54
2997, 1059.55
2998, 1059.55
2999, 1059.56
3000, 1059.57
3001, 1059.58
3002, 1059.58
3003, 1059.61
3004, 1059.61
3005, 1059.62
3006, 1059.66
3007, 1059.67
3008, 1059.68
3009, 1059.68
3010, 1059.69
3011, 1059.69
3012, 1059.71
3013, 1059.73
3014, 1059.77
3015, 1059.77
3016, 1059.78
3017, 1059.79
3018, 1059.83
3019, 1059.83
3020, 1059.84
3021, 1059.84
3022, 1059.86
3023, 1059.89
3024, 1059.89
3025, 1059.92
3026, 1059.92
3027, 1059.93
3028, 1059.93
3029, 1059.95
3030, 1059.95
3031, 1059.97
3032, 1060
3033, 1060.02
3034, 1060.05
3035, 1060.06
3036, 1060.08
3037, 1060.1
3038, 1060.1
3039, 1060.12
3040, 1060.15
3041, 1060.18
3042, 1060.2
3043, 1060.23
3044, 1060.24
3045, 1060.28
3046, 1060.3
3047, 1060.33
3048, 1060.33
3049, 1060.36
3050, 1060.39
3051, 1060.39
3052, 1060.4
3053, 1060.4
3054, 1060.41
3055, 1060.42
3056, 1060.42
3057, 1060.42
3058, 1060.42
3059, 1060.43
3060, 1060.48
3061, 1060.5
3062, 1060.52
3063, 1060.53
3064, 1060.54
3065, 1060.54
3066, 1060.54
3067, 1060.59
3068, 1060.6
3069, 1060.61
3070, 1060.61
3071, 1060.63
3072, 1060.63
3073, 1060.64
3074, 1060.65
3075, 1060.65
3076, 1060.68
3077, 1060.68
3078, 1060.7
3079, 1060.71
3080, 1060.71
3081, 1060.73
3082, 1060.73
3083, 1060.74
3084, 1060.74
3085, 1060.74
3086, 1060.74
3087, 1060.76
3088, 1060.78
3089, 1060.79
3090, 1060.79
3091, 1060.81
3092, 1060.81
3093, 1060.83
3094, 1060.87
3095, 1060.88
3096, 1060.91
3097, 1060.92
3098, 1060.95
3099, 1060.97
3100, 1060.98
3101, 1060.98
3102, 1060.98
3103, 1061
3104, 1061.02
3105, 1061.02
3106, 1061.03
3107, 1061.04
3108, 1061.07
3109, 1061.11
3110, 1061.13
3111, 1061.14
3112, 1061.14
3113, 1061.15
3114, 1061.16
3115, 1061.16
3116, 1061.17
3117, 1061.17
3118, 1061.25
3119, 1061.29
3120, 1061.31
3121, 1061.31
3122, 1061.31
3123, 1061.32
3124, 1061.33
3125, 1061.34
3126, 1061.35
3127, 1061.37
3128, 1061.38
3129, 1061.4
3130, 1061.4
3131, 1061.43
3132, 1061.48
3133, 1061.49
3134, 1061.52
3135, 1061.53
3136, 1061.53
3137, 1061.54
3138, 1061.57
3139, 1061.57
3140, 1061.57
3141, 1061.62
3142, 1061.62
3143, 1061.63
3144, 1061.66
3145, 1061.66
3146, 1061.69
3147, 1061.77
3148, 1061.77
3149, 1061.78
3150, 1061.79
3151, 1061.82
3152, 1061.82
3153, 1061.84
3154, 1061.85
3155, 1061.85
3156, 1061.86
3157, 1061.87
3158, 1061.89
3159, 1061.89
3160, 1061.9
3161, 1061.9
3162, 1061.93
3163, 1061.97
3164, 1061.97
3165, 1061.98
3166, 1061.99
3167, 1062.05
3168, 1062.05
3169, 1062.06
3170, 1062.06
3171, 1062.07
3172, 1062.07
3173, 1062.11
3174, 1062.11
3175, 1062.11
3176, 1062.12
3177, 1062.14
3178, 1062.15
3179, 1062.15
3180, 1062.16
3181, 1062.21
3182, 1062.21
3183, 1062.21
3184, 1062.22
3185, 1062.23
3186, 1062.26
3187, 1062.28
3188, 1062.36
3189, 1062.38
3190, 1062.42
3191, 1062.42
3192, 1062.44
3193, 1062.44
3194, 1062.45
3195, 1062.46
3196, 1062.49
3197, 1062.49
3198, 1062.53
3199, 1062.55
3200, 1062.57
3201, 1062.57
3202, 1062.57
3203, 1062.59
3204, 1062.6
3205, 1062.6
3206, 1062.6
3207, 1062.64
3208, 1062.66
3209, 1062.67
3210, 1062.69
3211, 1062.7
3212, 1062.73
3213, 1062.77
3214, 1062.79
3215, 1062.8
3216, 1062.82
3217, 1062.84
3218, 1062.84
3219, 1062.85
3220, 1062.86
3221, 1062.86
3222, 1062.86
3223, 1062.87
3224, 1062.88
3225, 1062.89
3226, 1062.92
3227, 1062.92
3228, 1062.94
3229, 1062.94
3230, 1062.94
3231, 1062.96
3232, 1062.96
3233, 1062.96
3234, 1062.98
3235, 1062.99
3236, 1063.07
3237, 1063.08
3238, 1063.09
3239, 1063.1
3240, 1063.12
3241, 1063.15
3242, 1063.15
3243, 1063.15
3244, 1063.18
3245, 1063.18
3246, 1063.21
3247, 1063.21
3248, 1063.23
3249, 1063.23
3250, 1063.25
3251, 1063.25
3252, 1063.26
3253, 1063.3
3254, 1063.31
3255, 1063.31
3256, 1063.34
3257, 1063.35
3258, 1063.36
3259, 1063.37
3260, 1063.41
3261, 1063.42
3262, 1063.45
3263, 1063.48
3264, 1063.5
3265, 1063.51
3266, 1063.52
3267, 1063.53
3268, 1063.54
3269, 1063.54
3270, 1063.56
3271, 1063.57
3272, 1063.58
3273, 1063.62
3274, 1063.66
3275, 1063.67
3276, 1063.68
3277, 1063.69
3278, 1063.7
3279, 1063.71
3280, 1063.71
3281, 1063.74
3282, 1063.75
3283, 1063.79
3284, 1063.8
3285, 1063.82
3286, 1063.84
3287, 1063.86
3288, 1063.88
3289, 1063.88
3290, 1063.89
3291, 1063.92
3292, 1063.95
3293, 1063.97
3294, 1063.97
3295, 1063.98
3296, 1063.99
3297, 1064
3298, 1064.02
3299, 1064.03
3300, 1064.06
3301, 1064.06
3302, 1064.07
3303, 1064.08
3304, 1064.09
3305, 1064.1
3306, 1064.12
3307, 1064.14
3308, 1064.14
3309, 1064.14
3310, 1064.15
3311, 1064.16
3312, 1064.21
3313, 1064.22
3314, 1064.23
3315, 1064.23
3316, 1064.23
3317, 1064.24
3318, 1064.24
3319, 1064.25
3320, 1064.27
3321, 1064.28
3322, 1064.29
3323, 1064.35
3324, 1064.35
3325, 1064.37
3326, 1064.43
3327, 1064.43
3328, 1064.44
3329, 1064.44
3330, 1064.45
3331, 1064.47
3332, 1064.48
3333, 1064.48
3334, 1064.49
3335, 1064.51
3336, 1064.53
3337, 1064.55
3338, 1064.57
3339, 1064.58
3340, 1064.6
3341, 1064.66
3342, 1064.68
3343, 1064.7
3344, 1064.73
3345, 1064.75
3346, 1064.77
3347, 1064.78
3348, 1064.79
3349, 1064.8
3350, 1064.8
3351, 1064.8
3352, 1064.8
3353, 1064.82
3354, 1064.83
3355, 1064.86
3356, 1064.86
3357, 1064.88
3358, 1064.89
3359, 1064.89
3360, 1064.9
3361, 1064.94
3362, 1064.97
3363, 1064.97
3364, 1064.97
3365, 1064.98
3366, 1065
3367, 1065
3368, 1065.04
3369, 1065.05
3370, 1065.09
3371, 1065.11
3372, 1065.12
3373, 1065.13
3374, 1065.18
3375, 1065.18
3376, 1065.19
3377, 1065.21
3378, 1065.22
3379, 1065.22
3380, 1065.23
3381, 1065.23
3382, 1065.23
3383, 1065.24
3384, 1065.26
3385, 1065.3
3386, 1065.31
3387, 1065.31
3388, 1065.33
3389, 1065.34
3390, 1065.37
3391, 1065.38
3392, 1065.38
3393, 1065.39
3394, 1065.4
3395, 1065.42
3396, 1065.43
3397, 1065.44
3398, 1065.46
3399, 1065.47
3400, 1065.48
3401, 1065.48
3402, 1065.49
3403, 1065.51
3404, 1065.52
3405, 1065.54
3406, 1065.55
3407, 1065.56
3408, 1065.57
3409, 1065.59
3410, 1065.65
3411, 1065.66
3412, 1065.66
3413, 1065.68
3414, 1065.69
3415, 1065.75
3416, 1065.75
3417, 1065.78
3418, 1065.79
3419, 1065.79
3420, 1065.81
3421, 1065.81
3422, 1065.82
3423, 1065.85
3424, 1065.85
3425, 1065.87
3426, 1065.89
3427, 1065.89
3428, 1065.9
3429, 1065.93
3430, 1065.96
3431, 1065.97
3432, 1065.98
3433, 1065.99
3434, 1066.03
3435, 1066.04
3436, 1066.05
3437, 1066.09
3438, 1066.09
3439, 1066.1
3440, 1066.14
3441, 1066.15
3442, 1066.15
3443, 1066.16
3444, 1066.16
3445, 1066.16
3446, 1066.19
3447, 1066.22
3448, 1066.26
3449, 1066.3
3450, 1066.31
3451, 1066.32
3452, 1066.32
3453, 1066.33
3454, 1066.33
3455, 1066.35
3456, 1066.4
3457, 1066.41
3458, 1066.44
3459, 1066.46
3460, 1066.46
3461, 1066.46
3462, 1066.48
3463, 1066.5
3464, 1066.5
3465, 1066.5
3466, 1066.51
3467, 1066.51
3468, 1066.53
3469, 1066.54
3470, 1066.55
3471, 1066.59
3472, 1066.6
3473, 1066.6
3474, 1066.6
3475, 1066.61
3476, 1066.63
3477, 1066.64
3478, 1066.65
3479, 1066.65
3480, 1066.66
3481, 1066.7
3482, 1066.7
3483, 1066.75
3484, 1066.77
3485, 1066.78
3486, 1066.79
3487, 1066.8
3488, 1066.8
3489, 1066.83
3490, 1066.83
3491, 1066.84
3492, 1066.9
3493, 1066.9
3494, 1066.91
3495, 1066.92
3496, 1066.92
3497, 1066.95
3498, 1066.98
3499, 1066.98
3500, 1067.01
3501, 1067.03
3502, 1067.04
3503, 1067.05
3504, 1067.05
3505, 1067.05
3506, 1067.06
3507, 1067.07
3508, 1067.07
3509, 1067.14
3510, 1067.15
3511, 1067.16
3512, 1067.17
3513, 1067.17
3514, 1067.2
3515, 1067.23
3516, 1067.23
3517, 1067.23
3518, 1067.25
3519, 1067.26
3520, 1067.27
3521, 1067.29
3522, 1067.29
3523, 1067.31
3524, 1067.33
3525, 1067.34
3526, 1067.35
3527, 1067.37
3528, 1067.37
3529, 1067.39
3530, 1067.4
3531, 1067.41
3532, 1067.44
3533, 1067.47
3534, 1067.48
3535, 1067.5
3536, 1067.5
3537, 1067.54
3538, 1067.54
3539, 1067.6
3540, 1067.6
3541, 1067.6
3542, 1067.62
3543, 1067.62
3544, 1067.63
3545, 1067.66
3546, 1067.67
3547, 1067.67
3548, 1067.68
3549, 1067.69
3550, 1067.69
3551, 1067.71
3552, 1067.71
3553, 1067.71
3554, 1067.74
3555, 1067.77
3556, 1067.77
3557, 1067.78
3558, 1067.78
3559, 1067.81
3560, 1067.82
3561, 1067.87
3562, 1067.88
3563, 1067.88
3564, 1067.88
3565, 1067.89
3566, 1067.89
3567, 1067.9
3568, 1067.92
3569, 1067.92
3570, 1067.93
3571, 1067.94
3572, 1067.94
3573, 1067.96
3574, 1067.97
3575, 1067.98
3576, 1068.01
3577, 1068.01
3578, 1068.02
3579, 1068.05
3580, 1068.05
3581, 1068.1
3582, 1068.11
3583, 1068.14
3584, 1068.15
3585, 1068.15
3586, 1068.16
3587, 1068.17
3588, 1068.17
3589, 1068.19
3590, 1068.21
3591, 1068.23
3592, 1068.25
3593, 1068.26
3594, 1068.27
3595, 1068.28
3596, 1068.29
3597, 1068.32
3598, 1068.33
3599, 1068.34
3600, 1068.34
3601, 1068.34
3602, 1068.44
3603, 1068.45
3604, 1068.46
3605, 1068.46
3606, 1068.46
3607, 1068.47
3608, 1068.49
3609, 1068.49
3610, 1068.51
3611, 1068.53
3612, 1068.53
3613, 1068.56
3614, 1068.57
3615, 1068.57
3616, 1068.57
3617, 1068.58
3618, 1068.58
3619, 1068.61
3620, 1068.61
3621, 1068.63
3622, 1068.63
3623, 1068.63
3624, 1068.63
3625, 1068.65
3626, 1068.72
3627, 1068.72
3628, 1068.73
3629, 1068.74
3630, 1068.76
3631, 1068.76
3632, 1068.77
3633, 1068.78
3634, 1068.81
3635, 1068.86
3636, 1068.87
3637, 1068.88
3638, 1068.88
3639, 1068.9
3640, 1068.9
3641, 1068.9
3642, 1068.9
3643, 1068.92
3644, 1068.93
3645, 1068.93
3646, 1068.97
3647, 1068.97
3648, 1068.98
3649, 1068.98
3650, 1069
3651, 1069.01
3652, 1069.01
3653, 1069.04
3654, 1069.05
3655, 1069.08
3656, 1069.09
3657, 1069.09
3658, 1069.1
3659, 1069.1
3660, 1069.11
3661, 1069.12
3662, 1069.12
3663, 1069.15
3664, 1069.17
3665, 1069.18
3666, 1069.19
3667, 1069.19
3668, 1069.2
3669, 1069.2
3670, 1069.21
3671, 1069.21
3672, 1069.3
3673, 1069.31
3674, 1069.32
3675, 1069.32
3676, 1069.33
3677, 1069.34
3678, 1069.37
3679, 1069.37
3680, 1069.38
3681, 1069.4
3682, 1069.41
3683, 1069.43
3684, 1069.46
3685, 1069.46
3686, 1069.47
3687, 1069.49
3688, 1069.49
3689, 1069.5
3690, 1069.52
3691, 1069.59
3692, 1069.61
3693, 1069.64
3694, 1069.64
3695, 1069.66
3696, 1069.75
3697, 1069.76
3698, 1069.76
3699, 1069.78
3700, 1069.78
3701, 1069.79
3702, 1069.81
3703, 1069.81
3704, 1069.81
3705, 1069.84
3706, 1069.85
3707, 1069.85
3708, 1069.87
3709, 1069.87
3710, 1069.88
3711, 1069.9
3712, 1069.93
3713, 1069.93
3714, 1069.93
3715, 1069.93
3716, 1069.94
3717, 1069.94
3718, 1069.96
3719, 1069.98
3720, 1069.99
3721, 1069.99
3722, 1070
3723, 1070.02
3724, 1070.04
3725, 1070.04
3726, 1070.07
3727, 1070.08
3728, 1070.1
3729, 1070.11
3730, 1070.13
3731, 1070.15
3732, 1070.18
3733, 1070.19
3734, 1070.2
3735, 1070.21
3736, 1070.25
3737, 1070.26
3738, 1070.26
3739, 1070.28
3740, 1070.28
3741, 1070.29
3742, 1070.3
3743, 1070.3
3744, 1070.3
3745, 1070.31
3746, 1070.39
3747, 1070.4
3748, 1070.41
3749, 1070.43
3750, 1070.44
3751, 1070.48
3752, 1070.51
3753, 1070.51
3754, 1070.52
3755, 1070.54
3756, 1070.57
3757, 1070.58
3758, 1070.61
3759, 1070.62
3760, 1070.64
3761, 1070.65
3762, 1070.66
3763, 1070.67
3764, 1070.67
3765, 1070.68
3766, 1070.76
3767, 1070.82
3768, 1070.83
3769, 1070.84
3770, 1070.85
3771, 1070.86
3772, 1070.93
3773, 1070.95
3774, 1070.95
3775, 1070.96
3776, 1070.97
3777, 1070.97
3778, 1070.97
3779, 1070.98
3780, 1071.01
3781, 1071.01
3782, 1071.01
3783, 1071.02
3784, 1071.04
3785, 1071.04
3786, 1071.04
3787, 1071.05
3788, 1071.05
3789, 1071.07
3790, 1071.08
3791, 1071.1
3792, 1071.11
3793, 1071.12
3794, 1071.13
3795, 1071.13
3796, 1071.15
3797, 1071.15
3798, 1071.16
3799, 1071.17
3800, 1071.19
3801, 1071.2
3802, 1071.21
3803, 1071.21
3804, 1071.22
3805, 1071.22
3806, 1071.22
3807, 1071.24
3808, 1071.24
3809, 1071.24
3810, 1071.24
3811, 1071.28
3812, 1071.28
3813, 1071.29
3814, 1071.32
3815, 1071.32
3816, 1071.35
3817, 1071.35
3818, 1071.36
3819, 1071.39
3820, 1071.41
3821, 1071.43
3822, 1071.44
3823, 1071.44
3824, 1071.51
3825, 1071.52
3826, 1071.53
3827, 1071.53
3828, 1071.53
3829, 1071.57
3830, 1071.59
3831, 1071.6
3832, 1071.61
3833, 1071.63
3834, 1071.63
3835, 1071.64
3836, 1071.65
3837, 1071.67
3838, 1071.67
3839, 1071.69
3840, 1071.7
3841, 1071.73
3842, 1071.76
3843, 1071.79
3844, 1071.82
3845, 1071.83
3846, 1071.83
3847, 1071.84
3848, 1071.85
3849, 1071.85
3850, 1071.86
3851, 1071.86
3852, 1071.88
3853, 1072.01
3854, 1072.02
3855, 1072.03
3856, 1072.04
3857, 1072.05
3858, 1072.12
3859, 1072.12
3860, 1072.13
3861, 1072.19
3862, 1072.19
3863, 1072.19
3864, 1072.23
3865, 1072.24
3866, 1072.25
3867, 1072.26
3868, 1072.27
3869, 1072.28
3870, 1072.29
3871, 1072.31
3872, 1072.35
3873, 1072.36
3874, 1072.36
3875, 1072.37
3876, 1072.37
3877, 1072.42
3878, 1072.42
3879, 1072.42
3880, 1072.45
3881, 1072.46
3882, 1072.48
3883, 1072.5
3884, 1072.5
3885, 1072.51
3886, 1072.53
3887, 1072.57
3888, 1072.59
3889, 1072.6
3890, 1072.62
3891, 1072.62
3892, 1072.64
3893, 1072.65
3894, 1072.69
3895, 1072.69
3896, 1072.71
3897, 1072.71
3898, 1072.71
3899, 1072.73
3900, 1072.74
3901, 1072.79
3902, 1072.8
3903, 1072.81
3904, 1072.81
3905, 1072.82
3906, 1072.82
3907, 1072.83
3908, 1072.84
3909, 1072.87
3910, 1072.87
3911, 1072.88
3912, 1072.88
3913, 1072.89
3914, 1072.89
3915, 1072.9
3916, 1072.9
3917, 1072.96
3918, 1073.02
3919, 1073.03
3920, 1073.04
3921, 1073.06
3922, 1073.08
3923, 1073.09
3924, 1073.11
3925, 1073.14
3926, 1073.18
3927, 1073.19
3928, 1073.19
3929, 1073.2
3930, 1073.2
3931, 1073.2
3932, 1073.21
3933, 1073.29
3934, 1073.3
3935, 1073.3
3936, 1073.31
3937, 1073.32
3938, 1073.32
3939, 1073.34
3940, 1073.37
3941, 1073.44
3942, 1073.47
3943, 1073.48
3944, 1073.49
3945, 1073.5
3946, 1073.5
3947, 1073.53
3948, 1073.53
3949, 1073.55
3950, 1073.56
3951, 1073.58
3952, 1073.59
3953, 1073.63
3954, 1073.64
3955, 1073.67
3956, 1073.67
3957, 1073.68
3958, 1073.69
3959, 1073.7
3960, 1073.72
3961, 1073.75
3962, 1073.75
3963, 1073.76
3964, 1073.79
3965, 1073.81
3966, 1073.81
3967, 1073.84
3968, 1073.84
3969, 1073.87
3970, 1073.92
3971, 1073.95
3972, 1073.96
3973, 1073.99
3974, 1074.02
3975, 1074.03
3976, 1074.05
3977, 1074.06
3978, 1074.07
3979, 1074.08
3980, 1074.09
3981, 1074.11
3982, 1074.12
3983, 1074.12
3984, 1074.16
3985, 1074.17
3986, 1074.18
3987, 1074.19
3988, 1074.2
3989, 1074.21
3990, 1074.21
3991, 1074.25
3992, 1074.27
3993, 1074.31
3994, 1074.36
3995, 1074.42
3996, 1074.43
3997, 1074.46
3998, 1074.48
3999, 1074.48
4000, 1074.48
4001, 1074.49
4002, 1074.51
4003, 1074.52
4004, 1074.52
4005, 1074.54
4006, 1074.55
4007, 1074.56
4008, 1074.59
4009, 1074.61
4010, 1074.62
4011, 1074.64
4012, 1074.65
4013, 1074.65
4014, 1074.66
4015, 1074.67
4016, 1074.68
4017, 1074.7
4018, 1074.7
4019, 1074.71
4020, 1074.71
4021, 1074.72
4022, 1074.73
4023, 1074.73
4024, 1074.77
4025, 1074.78
4026, 1074.79
4027, 1074.79
4028, 1074.83
4029, 1074.83
4030, 1074.84
4031, 1074.87
4032, 1074.87
4033, 1074.87
4034, 1074.92
4035, 1074.99
4036, 1075.05
4037, 1075.07
4038, 1075.07
4039, 1075.09
4040, 1075.12
4041, 1075.13
4042, 1075.14
4043, 1075.15
4044, 1075.18
4045, 1075.19
4046, 1075.23
4047, 1075.25
4048, 1075.25
4049, 1075.25
4050, 1075.27
4051, 1075.3
4052, 1075.31
4053, 1075.32
4054, 1075.35
4055, 1075.38
4056, 1075.38
4057, 1075.39
4058, 1075.43
4059, 1075.43
4060, 1075.44
4061, 1075.44
4062, 1075.44
4063, 1075.45
4064, 1075.47
4065, 1075.47
4066, 1075.51
4067, 1075.51
4068, 1075.55
4069, 1075.55
4070, 1075.56
4071, 1075.57
4072, 1075.61
4073, 1075.63
4074, 1075.66
4075, 1075.72
4076, 1075.72
4077, 1075.75
4078, 1075.81
4079, 1075.83
4080, 1075.86
4081, 1075.89
4082, 1075.92
4083, 1075.93
4084, 1075.97
4085, 1075.97
4086, 1075.98
4087, 1076.02
4088, 1076.03
4089, 1076.04
4090, 1076.06
4091, 1076.07
4092, 1076.09
4093, 1076.09
4094, 1076.13
4095, 1076.16
4096, 1076.17
4097, 1076.18
4098, 1076.19
4099, 1076.19
4100, 1076.19
4101, 1076.2
4102, 1076.22
4103, 1076.22
4104, 1076.24
4105, 1076.28
4106, 1076.3
4107, 1076.33
4108, 1076.34
4109, 1076.34
4110, 1076.37
4111, 1076.38
4112, 1076.39
4113, 1076.42
4114, 1076.42
4115, 1076.42
4116, 1076.45
4117, 1076.47
4118, 1076.48
4119, 1076.55
4120, 1076.55
4121, 1076.55
4122, 1076.57
4123, 1076.59
4124, 1076.59
4125, 1076.64
4126, 1076.64
4127, 1076.69
4128, 1076.7
4129, 1076.71
4130, 1076.72
4131, 1076.72
4132, 1076.73
4133, 1076.74
4134, 1076.75
4135, 1076.78
4136, 1076.8
4137, 1076.82
4138, 1076.85
4139, 1076.87
4140, 1076.87
4141, 1076.88
4142, 1076.9
4143, 1076.91
4144, 1076.92
4145, 1076.95
4146, 1076.95
4147, 1076.96
4148, 1076.97
4149, 1077.02
4150, 1077.05
4151, 1077.07
4152, 1077.08
4153, 1077.13
4154, 1077.14
4155, 1077.15
4156, 1077.15
4157, 1077.16
4158, 1077.16
4159, 1077.2
4160, 1077.21
4161, 1077.21
4162, 1077.21
4163, 1077.23
4164, 1077.23
4165, 1077.23
4166, 1077.3
4167, 1077.32
4168, 1077.35
4169, 1077.38
4170, 1077.46
4171, 1077.47
4172, 1077.47
4173, 1077.48
4174, 1077.49
4175, 1077.5
4176, 1077.5
4177, 1077.53
4178, 1077.53
4179, 1077.57
4180, 1077.57
4181, 1077.59
4182, 1077.59
4183, 1077.63
4184, 1077.66
4185, 1077.68
4186, 1077.7
4187, 1077.7
4188, 1077.7
4189, 1077.71
4190, 1077.71
4191, 1077.72
4192, 1077.73
4193, 1077.76
4194, 1077.77
4195, 1077.8
4196, 1077.82
4197, 1077.85
4198, 1077.89
4199, 1077.9
4200, 1077.9
4201, 1077.92
4202, 1077.93
4203, 1077.98
4204, 1077.99
4205, 1078.01
4206, 1078.02
4207, 1078.02
4208, 1078.04
4209, 1078.04
4210, 1078.07
4211, 1078.14
4212, 1078.14
4213, 1078.17
4214, 1078.18
4215, 1078.18
4216, 1078.2
4217, 1078.21
4218, 1078.23
4219, 1078.3
4220, 1078.33
4221, 1078.34
4222, 1078.41
4223, 1078.42
4224, 1078.45
4225, 1078.47
4226, 1078.49
4227, 1078.5
4228, 1078.51
4229, 1078.52
4230, 1078.54
4231, 1078.54
4232, 1078.55
4233, 1078.56
4234, 1078.61
4235, 1078.63
4236, 1078.63
4237, 1078.65
4238, 1078.66
4239, 1078.66
4240, 1078.67
4241, 1078.67
4242, 1078.69
4243, 1078.71
4244, 1078.71
4245, 1078.74
4246, 1078.77
4247, 1078.8
4248, 1078.83
4249, 1078.92
4250, 1078.92
4251, 1078.94
4252, 1078.95
4253, 1078.97
4254, 1078.98
4255, 1078.99
4256, 1079
4257, 1079.02
4258, 1079.02
4259, 1079.03
4260, 1079.06
4261, 1079.09
4262, 1079.17
4263, 1079.19
4264, 1079.28
4265, 1079.28
4266, 1079.37
4267, 1079.4
4268, 1079.4
4269, 1079.41
4270, 1079.43
4271, 1079.45
4272, 1079.48
4273, 1079.52
4274, 1079.52
4275, 1079.55
4276, 1079.65
4277, 1079.68
4278, 1079.68
4279, 1079.75
4280, 1079.76
4281, 1079.81
4282, 1079.88
4283, 1079.89
4284, 1079.9
4285, 1079.94
4286, 1079.95
4287, 1079.97
4288, 1079.99
4289, 1080
4290, 1080.02
4291, 1080.02
4292, 1080.02
4293, 1080.03
4294, 1080.03
4295, 1080.04
4296, 1080.08
4297, 1080.09
4298, 1080.16
4299, 1080.21
4300, 1080.21
4301, 1080.24
4302, 1080.26
4303, 1080.27
4304, 1080.32
4305, 1080.33
4306, 1080.38
4307, 1080.4
4308, 1080.41
4309, 1080.44
4310, 1080.46
4311, 1080.47
4312, 1080.49
4313, 1080.62
4314, 1080.63
4315, 1080.64
4316, 1080.64
4317, 1080.71
4318, 1080.75
4319, 1080.78
4320, 1080.85
4321, 1080.88
4322, 1080.9
4323, 1080.93
4324, 1080.96
4325, 1080.99
4326, 1081.01
4327, 1081.06
4328, 1081.06
4329, 1081.06
4330, 1081.07
4331, 1081.12
4332, 1081.12
4333, 1081.14
4334, 1081.17
4335, 1081.18
4336, 1081.24
4337, 1081.26
4338, 1081.26
4339, 1081.3
4340, 1081.31
4341, 1081.32
4342, 1081.32
4343, 1081.35
4344, 1081.39
4345, 1081.4
4346, 1081.48
4347, 1081.48
4348, 1081.5
4349, 1081.7
4350, 1081.8
4351, 1081.85
4352, 1081.9
4353, 1081.91
4354, 1081.93
4355, 1081.94
4356, 1081.96
4357, 1082.04
4358, 1082.06
4359, 1082.13
4360, 1082.13
4361, 1082.14
4362, 1082.19
4363, 1082.2
4364, 1082.21
4365, 1082.21
4366, 1082.22
4367, 1082.27
4368, 1082.36
4369, 1082.39
4370, 1082.44
4371, 1082.46
4372, 1082.46
4373, 1082.49
4374, 1082.55
4375, 1082.56
4376, 1082.58
4377, 1082.63
4378, 1082.67
4379, 1082.71
4380, 1082.8
4381, 1082.83
4382, 1082.88
4383, 1082.9
4384, 1082.99
4385, 1082.99
4386, 1083.09
4387, 1083.09
4388, 1083.09
4389, 1083.1
4390, 1083.14
4391, 1083.24
4392, 1083.24
4393, 1083.24
4394, 1083.31
4395, 1083.36
4396, 1083.42
4397, 1083.49
4398, 1083.52
4399, 1083.55
4400, 1083.64
4401, 1083.65
4402, 1083.69
4403, 1083.71
4404, 1083.76
4405, 1083.78
4406, 1083.85
4407, 1083.97
4408, 1083.98
4409, 1084.02
4410, 1084.09
4411, 1084.24
4412, 1084.26
4413, 1084.28
4414, 1084.38
4415, 1084.42
4416, 1084.5
4417, 1084.52
4418, 1084.54
4419, 1084.57
4420, 1084.68
4421, 1084.69
4422, 1084.83
4423, 1084.83
4424, 1084.84
4425, 1084.85
4426, 1084.87
4427, 1084.92
4428, 1084.96
4429, 1084.99
4430, 1085.02
4431, 1085.07
4432, 1085.09
4433, 1085.11
4434, 1085.13
4435, 1085.27
4436, 1085.29
4437, 1085.37
4438, 1085.37
4439, 1085.44
4440, 1085.46
4441, 1085.46
4442, 1085.47
4443, 1085.5
4444, 1085.53
4445, 1085.58
4446, 1085.61
4447, 1085.75
4448, 1085.9
4449, 1085.91
4450, 1085.96
4451, 1086
4452, 1086.01
4453, 1086.06
4454, 1086.18
4455, 1086.26
4456, 1086.35
4457, 1086.43
4458, 1086.44
4459, 1086.46
4460, 1086.49
4461, 1086.49
4462, 1086.6
4463, 1086.63
4464, 1086.72
4465, 1086.87
4466, 1086.89
4467, 1087.18
4468, 1087.19
4469, 1087.22
4470, 1087.24
4471, 1087.3
4472, 1087.31
4473, 1087.47
4474, 1087.5
4475, 1087.52
4476, 1087.59
4477, 1087.61
4478, 1087.65
4479, 1087.74
4480, 1087.82
4481, 1088.08
4482, 1088.16
4483, 1088.27
4484, 1088.31
4485, 1088.85
4486, 1089.13
4487, 1089.2
4488, 1089.33
4489, 1089.36
4490, 1089.59
4491, 1090.36
4492, 1090.53
4493, 1090.76
4494, 1091.23
4495, 1091.64
4496, 1093
4497, 1093.6
---------------------------------------------------------------------------------------
 #bytes #iterations    t_min[usec]    t_max[usec]  t_typical[usec]    t_avg[usec]    t_stdev[usec]   99% percentile[usec]   99.9% percentile[usec] 
 2       4500          813.50         15716.59      1046.98  	       1036.33     	39.89  		1086.18 		1091.23
---------------------------------------------------------------------------------------
