Conflicting CPU frequency values detected: 796.913000 != 2100.000000. CPU Frequency is not max.
Conflicting CPU frequency values detected: 798.910000 != 2100.000000. CPU Frequency is not max.
Disabling dynamic polling
---------------------------------------------------------------------------------------
                    RDMA_Write Latency Test
 Dual-port       : OFF		Device         : mlx5_10
 Number of qps   : 1		Transport type : IB
 Connection type : RC		Using SRQ      : OFF
 PCIe relax order: OFF		Lock-free      : OFF
 ibv_wr* API     : ON		Using Enhanced Reorder      : OFF
 TX depth        : 1
 Mtu             : 1024[B]
 Link type       : Ethernet
 GID index       : 3
 Max inline data : 220[B]
 rdma_cm QPs	 : OFF
 Data ex. method : Ethernet
---------------------------------------------------------------------------------------
 local address: LID 0000 QPN 0x01c9 PSN 0x169c75 RKey 0x04cf00 VAddr 0x005588c5443000
 GID: 00:00:00:00:00:00:00:00:00:00:255:255:10:01:04:01
 remote address: LID 0000 QPN 0x01d1 PSN 0x68a0d5 RKey 0x04cf00 VAddr 0x0055f2c9f48000
 GID: 00:00:00:00:00:00:00:00:00:00:255:255:10:01:04:02
---------------------------------------------------------------------------------------
 #bytes #iterations    t_min[usec]    t_max[usec]  t_typical[usec]    t_avg[usec]    t_stdev[usec]   99% percentile[usec]   99.9% percentile[usec] 
#, usec
1, 2.26157
2, 2.28824
3, 2.29205
4, 2.29253
5, 2.29491
6, 2.29539
7, 2.29586
8, 2.29634
9, 2.30301
10, 2.30348
11, 2.31062
12, 2.31634
13, 2.31729
14, 2.31777
15, 2.32015
16, 2.32872
17, 2.33444
18, 2.33491
19, 2.34015
20, 2.34015
21, 2.34063
22, 2.35491
23, 2.35777
24, 2.36349
25, 2.36587
26, 2.3673
27, 2.3692
28, 2.38396
29, 2.39158
30, 2.39444
31, 2.3973
32, 2.3973
33, 2.39968
34, 2.40492
35, 2.40587
36, 2.41015
37, 2.41015
38, 2.41158
39, 2.41206
40, 2.41539
41, 2.41968
42, 2.42301
43, 2.42349
44, 2.42492
45, 2.4292
46, 2.43254
47, 2.43254
48, 2.43254
49, 2.43397
50, 2.44206
51, 2.44492
52, 2.44682
53, 2.44778
54, 2.45063
55, 2.45159
56, 2.45206
57, 2.45349
58, 2.45397
59, 2.45682
60, 2.4573
61, 2.45968
62, 2.46206
63, 2.46349
64, 2.46397
65, 2.46492
66, 2.46921
67, 2.46968
68, 2.46968
69, 2.47016
70, 2.47302
71, 2.48159
72, 2.48159
73, 2.48302
74, 2.48445
75, 2.49016
76, 2.49111
77, 2.49349
78, 2.49349
79, 2.49683
80, 2.50254
81, 2.50492
82, 2.50826
83, 2.51016
84, 2.51492
85, 2.51635
86, 2.51778
87, 2.52492
88, 2.52731
89, 2.52826
90, 2.52826
91, 2.54826
92, 2.55159
93, 2.56159
94, 2.58017
95, 2.61683
96, 2.62826
97, 2.67732
98, 2.6816
99, 2.71684
100, 2.72351
101, 2.73684
102, 2.75542
103, 2.78827
104, 2.79447
105, 2.79923
106, 2.80113
107, 2.80161
108, 2.81351
109, 2.81399
110, 2.82113
111, 2.8359
112, 2.84066
113, 2.85447
114, 2.86923
115, 2.87685
116, 2.89019
117, 2.89066
118, 2.89876
119, 2.90304
120, 2.90638
121, 2.91685
122, 2.93305
123, 2.93781
124, 2.96495
125, 2.99067
126, 2.99686
127, 3.02686
128, 3.03115
129, 3.04591
130, 3.10306
131, 3.10972
132, 3.12925
133, 3.14354
134, 3.1883
135, 3.19068
136, 3.19354
137, 3.21021
138, 3.23687
139, 3.2564
140, 3.42022
141, 3.42689
142, 3.43165
143, 3.46022
144, 3.51499
145, 3.52689
146, 3.64976
147, 3.6869
148, 3.73548
149, 3.77262
150, 3.81691
151, 3.89025
152, 3.89358
153, 3.91263
154, 3.9193
155, 4.11122
156, 4.11741
157, 4.17313
158, 4.19313
159, 4.24932
160, 4.36076
161, 4.37314
162, 4.37361
163, 4.4179
164, 4.47695
165, 4.51172
166, 4.52315
167, 4.54267
168, 4.56601
169, 4.7303
170, 4.76316
171, 4.83745
172, 185.419
173, 822.008
174, 891.683
175, 905.681
176, 911.402
177, 927.653
178, 929.826
179, 931.356
180, 938.564
181, 943.175
182, 944.595
183, 945.298
184, 948.858
185, 950.938
186, 952.898
187, 953.395
188, 954.137
189, 954.334
190, 954.45
191, 954.456
192, 954.897
193, 956.155
194, 956.552
195, 956.823
196, 956.93
197, 957.066
198, 957.128
199, 957.211
200, 957.685
201, 958.189
202, 958.335
203, 958.337
204, 958.668
205, 958.797
206, 958.866
207, 959.297
208, 959.913
209, 960.551
210, 960.717
211, 960.978
212, 961.356
213, 961.465
214, 962.573
215, 963.993
216, 964.071
217, 964.085
218, 964.853
219, 964.871
220, 965.031
221, 965.2
222, 965.273
223, 965.778
224, 965.79
225, 965.828
226, 966.032
227, 966.206
228, 966.545
229, 967.272
230, 967.308
231, 967.806
232, 967.833
233, 968.347
234, 968.505
235, 968.716
236, 968.766
237, 968.832
238, 968.977
239, 969.02
240, 969.084
241, 969.727
242, 969.735
243, 969.876
244, 969.952
245, 970.266
246, 970.41
247, 971.287
248, 971.576
249, 971.787
250, 972.154
251, 972.235
252, 972.383
253, 972.633
254, 972.773
255, 972.848
256, 973.061
257, 973.428
258, 973.539
259, 973.797
260, 974.28
261, 974.382
262, 974.537
263, 974.633
264, 974.67
265, 974.821
266, 975.06
267, 975.128
268, 975.145
269, 975.56
270, 975.794
271, 975.948
272, 976.102
273, 976.159
274, 976.257
275, 976.398
276, 976.566
277, 976.73
278, 976.767
279, 976.897
280, 976.907
281, 976.983
282, 977.014
283, 977.635
284, 977.791
285, 977.908
286, 978.152
287, 978.335
288, 978.64
289, 978.764
290, 978.957
291, 979.19
292, 979.234
293, 979.303
294, 979.314
295, 979.339
296, 979.381
297, 979.56
298, 979.966
299, 979.992
300, 980.134
301, 980.282
302, 980.31
303, 980.546
304, 980.82
305, 981.405
306, 981.468
307, 981.512
308, 981.582
309, 981.616
310, 981.73
311, 981.796
312, 981.992
313, 982.045
314, 982.124
315, 982.174
316, 982.774
317, 982.833
318, 983.259
319, 983.268
320, 983.448
321, 983.829
322, 984.039
323, 984.266
324, 984.328
325, 984.423
326, 984.631
327, 984.735
328, 985.335
329, 985.351
330, 985.69
331, 986.011
332, 986.399
333, 986.472
334, 986.602
335, 986.788
336, 986.925
337, 986.936
338, 987.146
339, 987.187
340, 987.564
341, 987.657
342, 988.141
343, 988.474
344, 988.479
345, 988.48
346, 988.61
347, 988.801
348, 988.848
349, 988.949
350, 989.02
351, 989.124
352, 989.472
353, 989.605
354, 989.697
355, 989.748
356, 989.926
357, 990.364
358, 990.534
359, 990.633
360, 990.645
361, 990.807
362, 990.979
363, 991.079
364, 991.158
365, 991.319
366, 991.371
367, 991.418
368, 991.436
369, 991.586
370, 991.608
371, 991.824
372, 991.901
373, 991.927
374, 991.961
375, 992.001
376, 992.127
377, 992.284
378, 992.53
379, 992.545
380, 992.55
381, 992.643
382, 992.887
383, 993.106
384, 993.154
385, 993.186
386, 993.256
387, 993.67
388, 993.73
389, 993.872
390, 994.053
391, 994.241
392, 994.274
393, 994.298
394, 994.427
395, 994.543
396, 994.864
397, 995.057
398, 995.218
399, 995.254
400, 995.331
401, 995.379
402, 995.479
403, 995.524
404, 995.539
405, 995.729
406, 995.77
407, 996.115
408, 996.133
409, 996.298
410, 996.528
411, 996.561
412, 996.561
413, 996.686
414, 996.762
415, 996.966
416, 997.037
417, 997.205
418, 997.209
419, 997.244
420, 997.337
421, 997.46
422, 997.498
423, 997.773
424, 998.062
425, 998.074
426, 998.084
427, 998.276
428, 998.393
429, 998.424
430, 998.501
431, 998.714
432, 998.957
433, 999.142
434, 999.245
435, 999.259
436, 999.292
437, 999.32
438, 999.46
439, 999.544
440, 999.559
441, 999.651
442, 999.793
443, 999.89
444, 999.982
445, 1000.17
446, 1000.2
447, 1000.24
448, 1000.36
449, 1000.45
450, 1000.59
451, 1000.63
452, 1000.65
453, 1000.74
454, 1000.75
455, 1000.79
456, 1000.81
457, 1000.84
458, 1000.84
459, 1000.84
460, 1000.94
461, 1000.98
462, 1001.02
463, 1001.24
464, 1001.31
465, 1001.33
466, 1001.44
467, 1001.6
468, 1001.64
469, 1001.74
470, 1001.98
471, 1002.08
472, 1002.12
473, 1002.13
474, 1002.14
475, 1002.3
476, 1002.31
477, 1002.35
478, 1002.46
479, 1002.58
480, 1002.87
481, 1002.91
482, 1003.04
483, 1003.04
484, 1003.05
485, 1003.11
486, 1003.11
487, 1003.18
488, 1003.33
489, 1003.36
490, 1003.4
491, 1003.41
492, 1003.45
493, 1003.48
494, 1003.48
495, 1003.66
496, 1004.09
497, 1004.13
498, 1004.15
499, 1004.17
500, 1004.19
501, 1004.24
502, 1004.37
503, 1004.4
504, 1004.46
505, 1004.48
506, 1004.5
507, 1004.55
508, 1004.57
509, 1004.62
510, 1004.64
511, 1004.66
512, 1004.68
513, 1004.73
514, 1004.78
515, 1004.78
516, 1004.83
517, 1004.83
518, 1004.87
519, 1005.29
520, 1005.41
521, 1005.44
522, 1005.52
523, 1005.79
524, 1005.82
525, 1005.84
526, 1005.87
527, 1005.99
528, 1006.22
529, 1006.26
530, 1006.45
531, 1006.69
532, 1006.69
533, 1006.85
534, 1006.92
535, 1007.11
536, 1007.16
537, 1007.17
538, 1007.22
539, 1007.34
540, 1007.42
541, 1007.46
542, 1007.62
543, 1007.74
544, 1007.77
545, 1007.81
546, 1007.83
547, 1007.83
548, 1007.84
549, 1008.07
550, 1008.15
551, 1008.16
552, 1008.17
553, 1008.2
554, 1008.24
555, 1008.35
556, 1008.39
557, 1008.5
558, 1008.53
559, 1008.59
560, 1008.64
561, 1008.71
562, 1008.74
563, 1008.81
564, 1008.83
565, 1008.87
566, 1009.02
567, 1009.02
568, 1009.04
569, 1009.1
570, 1009.12
571, 1009.18
572, 1009.2
573, 1009.28
574, 1009.4
575, 1009.42
576, 1009.45
577, 1009.51
578, 1009.59
579, 1009.67
580, 1009.89
581, 1009.93
582, 1009.97
583, 1009.98
584, 1010.05
585, 1010.16
586, 1010.19
587, 1010.26
588, 1010.28
589, 1010.3
590, 1010.37
591, 1010.38
592, 1010.43
593, 1010.57
594, 1010.63
595, 1010.66
596, 1010.76
597, 1010.83
598, 1010.97
599, 1011
600, 1011.09
601, 1011.19
602, 1011.21
603, 1011.28
604, 1011.4
605, 1011.45
606, 1011.66
607, 1011.73
608, 1011.81
609, 1011.87
610, 1011.89
611, 1011.96
612, 1012.08
613, 1012.27
614, 1012.3
615, 1012.38
616, 1012.42
617, 1012.5
618, 1012.51
619, 1012.64
620, 1012.74
621, 1012.74
622, 1012.74
623, 1012.76
624, 1012.82
625, 1012.84
626, 1012.84
627, 1012.89
628, 1012.91
629, 1013
630, 1013
631, 1013.12
632, 1013.14
633, 1013.17
634, 1013.17
635, 1013.19
636, 1013.27
637, 1013.28
638, 1013.3
639, 1013.31
640, 1013.32
641, 1013.37
642, 1013.39
643, 1013.46
644, 1013.55
645, 1013.55
646, 1013.59
647, 1013.66
648, 1013.69
649, 1013.78
650, 1013.8
651, 1013.81
652, 1013.87
653, 1013.88
654, 1013.9
655, 1013.93
656, 1013.95
657, 1014.05
658, 1014.07
659, 1014.12
660, 1014.16
661, 1014.21
662, 1014.32
663, 1014.38
664, 1014.38
665, 1014.4
666, 1014.58
667, 1014.62
668, 1014.65
669, 1014.74
670, 1014.79
671, 1014.81
672, 1014.84
673, 1014.87
674, 1014.97
675, 1014.99
676, 1015.12
677, 1015.16
678, 1015.24
679, 1015.31
680, 1015.38
681, 1015.48
682, 1015.54
683, 1015.61
684, 1015.61
685, 1015.64
686, 1015.64
687, 1015.65
688, 1015.7
689, 1015.71
690, 1015.74
691, 1015.83
692, 1015.86
693, 1015.86
694, 1015.9
695, 1015.94
696, 1015.98
697, 1016.03
698, 1016.06
699, 1016.1
700, 1016.12
701, 1016.17
702, 1016.17
703, 1016.19
704, 1016.37
705, 1016.39
706, 1016.44
707, 1016.49
708, 1016.57
709, 1016.59
710, 1016.62
711, 1016.69
712, 1016.7
713, 1016.73
714, 1016.76
715, 1016.91
716, 1016.95
717, 1017.02
718, 1017.06
719, 1017.07
720, 1017.1
721, 1017.16
722, 1017.17
723, 1017.18
724, 1017.25
725, 1017.27
726, 1017.29
727, 1017.42
728, 1017.46
729, 1017.52
730, 1017.62
731, 1017.62
732, 1017.65
733, 1017.65
734, 1017.82
735, 1017.93
736, 1017.94
737, 1017.96
738, 1017.98
739, 1018.13
740, 1018.13
741, 1018.2
742, 1018.21
743, 1018.28
744, 1018.36
745, 1018.46
746, 1018.49
747, 1018.5
748, 1018.54
749, 1018.65
750, 1018.66
751, 1018.7
752, 1018.81
753, 1018.82
754, 1018.83
755, 1018.85
756, 1018.89
757, 1018.89
758, 1018.93
759, 1018.96
760, 1019.07
761, 1019.07
762, 1019.07
763, 1019.1
764, 1019.14
765, 1019.17
766, 1019.29
767, 1019.29
768, 1019.31
769, 1019.42
770, 1019.56
771, 1019.62
772, 1019.65
773, 1019.68
774, 1019.72
775, 1019.72
776, 1019.74
777, 1019.79
778, 1019.81
779, 1019.82
780, 1019.82
781, 1019.84
782, 1019.88
783, 1019.89
784, 1019.9
785, 1019.93
786, 1019.94
787, 1019.99
788, 1020.06
789, 1020.09
790, 1020.14
791, 1020.16
792, 1020.18
793, 1020.24
794, 1020.25
795, 1020.26
796, 1020.36
797, 1020.36
798, 1020.43
799, 1020.57
800, 1020.61
801, 1020.64
802, 1020.68
803, 1020.68
804, 1020.68
805, 1020.71
806, 1020.76
807, 1020.79
808, 1020.82
809, 1020.92
810, 1020.93
811, 1020.94
812, 1020.95
813, 1020.95
814, 1020.98
815, 1020.99
816, 1021.02
817, 1021.06
818, 1021.08
819, 1021.12
820, 1021.12
821, 1021.16
822, 1021.16
823, 1021.17
824, 1021.18
825, 1021.2
826, 1021.24
827, 1021.25
828, 1021.25
829, 1021.31
830, 1021.31
831, 1021.44
832, 1021.44
833, 1021.46
834, 1021.48
835, 1021.49
836, 1021.49
837, 1021.51
838, 1021.63
839, 1021.63
840, 1021.64
841, 1021.64
842, 1021.68
843, 1021.76
844, 1021.8
845, 1021.82
846, 1021.88
847, 1021.89
848, 1021.9
849, 1021.96
850, 1021.96
851, 1021.96
852, 1021.96
853, 1022.04
854, 1022.16
855, 1022.2
856, 1022.2
857, 1022.21
858, 1022.29
859, 1022.31
860, 1022.33
861, 1022.35
862, 1022.4
863, 1022.41
864, 1022.43
865, 1022.5
866, 1022.5
867, 1022.54
868, 1022.63
869, 1022.66
870, 1022.68
871, 1022.78
872, 1022.8
873, 1022.81
874, 1022.82
875, 1022.85
876, 1022.87
877, 1022.93
878, 1022.98
879, 1022.99
880, 1023.02
881, 1023.02
882, 1023.02
883, 1023.07
884, 1023.07
885, 1023.11
886, 1023.12
887, 1023.13
888, 1023.18
889, 1023.23
890, 1023.28
891, 1023.31
892, 1023.32
893, 1023.36
894, 1023.37
895, 1023.39
896, 1023.43
897, 1023.44
898, 1023.45
899, 1023.49
900, 1023.5
901, 1023.55
902, 1023.55
903, 1023.56
904, 1023.57
905, 1023.58
906, 1023.65
907, 1023.65
908, 1023.66
909, 1023.67
910, 1023.71
911, 1023.71
912, 1023.73
913, 1023.79
914, 1023.82
915, 1023.82
916, 1023.83
917, 1023.94
918, 1023.96
919, 1024
920, 1024.02
921, 1024.06
922, 1024.13
923, 1024.21
924, 1024.25
925, 1024.25
926, 1024.26
927, 1024.3
928, 1024.32
929, 1024.34
930, 1024.36
931, 1024.41
932, 1024.43
933, 1024.44
934, 1024.44
935, 1024.49
936, 1024.51
937, 1024.52
938, 1024.52
939, 1024.53
940, 1024.55
941, 1024.66
942, 1024.69
943, 1024.72
944, 1024.73
945, 1024.74
946, 1024.75
947, 1024.76
948, 1024.83
949, 1024.84
950, 1024.9
951, 1024.93
952, 1025.03
953, 1025.06
954, 1025.06
955, 1025.07
956, 1025.07
957, 1025.11
958, 1025.12
959, 1025.12
960, 1025.13
961, 1025.13
962, 1025.13
963, 1025.15
964, 1025.19
965, 1025.2
966, 1025.28
967, 1025.29
968, 1025.29
969, 1025.41
970, 1025.45
971, 1025.47
972, 1025.48
973, 1025.48
974, 1025.61
975, 1025.64
976, 1025.68
977, 1025.73
978, 1025.74
979, 1025.75
980, 1025.78
981, 1025.85
982, 1025.9
983, 1025.95
984, 1025.96
985, 1026.01
986, 1026.02
987, 1026.02
988, 1026.04
989, 1026.08
990, 1026.08
991, 1026.16
992, 1026.18
993, 1026.2
994, 1026.22
995, 1026.22
996, 1026.23
997, 1026.25
998, 1026.3
999, 1026.32
1000, 1026.39
1001, 1026.46
1002, 1026.48
1003, 1026.48
1004, 1026.49
1005, 1026.49
1006, 1026.53
1007, 1026.57
1008, 1026.62
1009, 1026.63
1010, 1026.65
1011, 1026.65
1012, 1026.65
1013, 1026.66
1014, 1026.67
1015, 1026.69
1016, 1026.7
1017, 1026.73
1018, 1026.74
1019, 1026.78
1020, 1026.78
1021, 1026.8
1022, 1026.81
1023, 1026.83
1024, 1026.84
1025, 1026.85
1026, 1026.85
1027, 1026.93
1028, 1026.94
1029, 1026.98
1030, 1026.99
1031, 1027.01
1032, 1027.03
1033, 1027.04
1034, 1027.04
1035, 1027.04
1036, 1027.06
1037, 1027.07
1038, 1027.07
1039, 1027.08
1040, 1027.09
1041, 1027.14
1042, 1027.14
1043, 1027.17
1044, 1027.18
1045, 1027.2
1046, 1027.22
1047, 1027.24
1048, 1027.26
1049, 1027.27
1050, 1027.42
1051, 1027.42
1052, 1027.43
1053, 1027.43
1054, 1027.46
1055, 1027.48
1056, 1027.5
1057, 1027.55
1058, 1027.56
1059, 1027.59
1060, 1027.6
1061, 1027.67
1062, 1027.76
1063, 1027.82
1064, 1027.89
1065, 1027.89
1066, 1027.93
1067, 1027.94
1068, 1027.95
1069, 1027.95
1070, 1027.98
1071, 1028.01
1072, 1028.01
1073, 1028.05
1074, 1028.06
1075, 1028.07
1076, 1028.09
1077, 1028.1
1078, 1028.15
1079, 1028.18
1080, 1028.2
1081, 1028.2
1082, 1028.33
1083, 1028.34
1084, 1028.35
1085, 1028.37
1086, 1028.39
1087, 1028.4
1088, 1028.45
1089, 1028.46
1090, 1028.46
1091, 1028.5
1092, 1028.56
1093, 1028.56
1094, 1028.62
1095, 1028.7
1096, 1028.71
1097, 1028.72
1098, 1028.79
1099, 1028.8
1100, 1028.85
1101, 1028.9
1102, 1028.91
1103, 1028.93
1104, 1028.93
1105, 1028.96
1106, 1028.99
1107, 1029.01
1108, 1029.02
1109, 1029.07
1110, 1029.08
1111, 1029.09
1112, 1029.12
1113, 1029.14
1114, 1029.15
1115, 1029.17
1116, 1029.19
1117, 1029.27
1118, 1029.28
1119, 1029.35
1120, 1029.35
1121, 1029.36
1122, 1029.39
1123, 1029.39
1124, 1029.43
1125, 1029.46
1126, 1029.49
1127, 1029.51
1128, 1029.54
1129, 1029.6
1130, 1029.6
1131, 1029.64
1132, 1029.65
1133, 1029.68
1134, 1029.69
1135, 1029.72
1136, 1029.82
1137, 1029.84
1138, 1029.85
1139, 1029.87
1140, 1029.92
1141, 1029.94
1142, 1030.04
1143, 1030.13
1144, 1030.13
1145, 1030.13
1146, 1030.17
1147, 1030.21
1148, 1030.25
1149, 1030.25
1150, 1030.34
1151, 1030.35
1152, 1030.42
1153, 1030.43
1154, 1030.44
1155, 1030.47
1156, 1030.47
1157, 1030.5
1158, 1030.57
1159, 1030.58
1160, 1030.65
1161, 1030.66
1162, 1030.67
1163, 1030.71
1164, 1030.72
1165, 1030.73
1166, 1030.76
1167, 1030.78
1168, 1030.81
1169, 1030.83
1170, 1030.84
1171, 1030.87
1172, 1030.98
1173, 1031.01
1174, 1031.05
1175, 1031.09
1176, 1031.13
1177, 1031.13
1178, 1031.19
1179, 1031.22
1180, 1031.22
1181, 1031.23
1182, 1031.35
1183, 1031.38
1184, 1031.4
1185, 1031.46
1186, 1031.53
1187, 1031.53
1188, 1031.53
1189, 1031.57
1190, 1031.58
1191, 1031.62
1192, 1031.65
1193, 1031.67
1194, 1031.7
1195, 1031.78
1196, 1031.8
1197, 1031.83
1198, 1031.89
1199, 1031.94
1200, 1031.94
1201, 1031.95
1202, 1031.97
1203, 1031.98
1204, 1032
1205, 1032.03
1206, 1032.04
1207, 1032.04
1208, 1032.06
1209, 1032.08
1210, 1032.08
1211, 1032.1
1212, 1032.1
1213, 1032.15
1214, 1032.2
1215, 1032.24
1216, 1032.24
1217, 1032.26
1218, 1032.28
1219, 1032.28
1220, 1032.29
1221, 1032.31
1222, 1032.32
1223, 1032.35
1224, 1032.37
1225, 1032.45
1226, 1032.47
1227, 1032.52
1228, 1032.61
1229, 1032.66
1230, 1032.66
1231, 1032.67
1232, 1032.68
1233, 1032.8
1234, 1032.81
1235, 1032.81
1236, 1032.85
1237, 1032.85
1238, 1032.89
1239, 1032.89
1240, 1032.89
1241, 1032.89
1242, 1032.93
1243, 1032.94
1244, 1033.02
1245, 1033.04
1246, 1033.06
1247, 1033.09
1248, 1033.09
1249, 1033.12
1250, 1033.14
1251, 1033.16
1252, 1033.22
1253, 1033.28
1254, 1033.32
1255, 1033.33
1256, 1033.39
1257, 1033.42
1258, 1033.42
1259, 1033.44
1260, 1033.48
1261, 1033.55
1262, 1033.56
1263, 1033.59
1264, 1033.59
1265, 1033.59
1266, 1033.6
1267, 1033.64
1268, 1033.69
1269, 1033.69
1270, 1033.71
1271, 1033.72
1272, 1033.73
1273, 1033.73
1274, 1033.74
1275, 1033.75
1276, 1033.78
1277, 1033.82
1278, 1033.83
1279, 1033.85
1280, 1033.86
1281, 1033.87
1282, 1033.9
1283, 1033.94
1284, 1033.96
1285, 1033.98
1286, 1034.02
1287, 1034.05
1288, 1034.06
1289, 1034.07
1290, 1034.11
1291, 1034.11
1292, 1034.12
1293, 1034.13
1294, 1034.14
1295, 1034.18
1296, 1034.23
1297, 1034.27
1298, 1034.28
1299, 1034.31
1300, 1034.37
1301, 1034.37
1302, 1034.39
1303, 1034.42
1304, 1034.43
1305, 1034.43
1306, 1034.44
1307, 1034.45
1308, 1034.46
1309, 1034.46
1310, 1034.47
1311, 1034.49
1312, 1034.49
1313, 1034.51
1314, 1034.55
1315, 1034.58
1316, 1034.61
1317, 1034.62
1318, 1034.62
1319, 1034.74
1320, 1034.76
1321, 1034.81
1322, 1034.84
1323, 1034.87
1324, 1034.89
1325, 1034.96
1326, 1034.97
1327, 1034.97
1328, 1034.97
1329, 1034.98
1330, 1035.01
1331, 1035.03
1332, 1035.04
1333, 1035.06
1334, 1035.07
1335, 1035.08
1336, 1035.12
1337, 1035.13
1338, 1035.16
1339, 1035.17
1340, 1035.19
1341, 1035.21
1342, 1035.22
1343, 1035.26
1344, 1035.29
1345, 1035.3
1346, 1035.31
1347, 1035.33
1348, 1035.37
1349, 1035.37
1350, 1035.38
1351, 1035.41
1352, 1035.45
1353, 1035.48
1354, 1035.53
1355, 1035.55
1356, 1035.58
1357, 1035.59
1358, 1035.6
1359, 1035.61
1360, 1035.72
1361, 1035.74
1362, 1035.74
1363, 1035.77
1364, 1035.81
1365, 1035.85
1366, 1035.92
1367, 1035.99
1368, 1036.01
1369, 1036.02
1370, 1036.02
1371, 1036.04
1372, 1036.04
1373, 1036.08
1374, 1036.08
1375, 1036.09
1376, 1036.1
1377, 1036.12
1378, 1036.12
1379, 1036.12
1380, 1036.13
1381, 1036.15
1382, 1036.19
1383, 1036.22
1384, 1036.23
1385, 1036.24
1386, 1036.24
1387, 1036.26
1388, 1036.27
1389, 1036.28
1390, 1036.3
1391, 1036.31
1392, 1036.34
1393, 1036.36
1394, 1036.36
1395, 1036.39
1396, 1036.41
1397, 1036.44
1398, 1036.45
1399, 1036.47
1400, 1036.48
1401, 1036.48
1402, 1036.49
1403, 1036.51
1404, 1036.51
1405, 1036.52
1406, 1036.55
1407, 1036.56
1408, 1036.64
1409, 1036.71
1410, 1036.74
1411, 1036.76
1412, 1036.77
1413, 1036.78
1414, 1036.79
1415, 1036.8
1416, 1036.82
1417, 1036.84
1418, 1036.87
1419, 1036.88
1420, 1036.9
1421, 1036.96
1422, 1036.99
1423, 1037.01
1424, 1037.02
1425, 1037.07
1426, 1037.1
1427, 1037.11
1428, 1037.14
1429, 1037.19
1430, 1037.2
1431, 1037.25
1432, 1037.26
1433, 1037.34
1434, 1037.34
1435, 1037.44
1436, 1037.46
1437, 1037.5
1438, 1037.5
1439, 1037.51
1440, 1037.52
1441, 1037.54
1442, 1037.56
1443, 1037.59
1444, 1037.6
1445, 1037.6
1446, 1037.61
1447, 1037.61
1448, 1037.64
1449, 1037.65
1450, 1037.65
1451, 1037.65
1452, 1037.68
1453, 1037.76
1454, 1037.76
1455, 1037.77
1456, 1037.83
1457, 1037.85
1458, 1037.86
1459, 1037.86
1460, 1037.99
1461, 1037.99
1462, 1037.99
1463, 1038.08
1464, 1038.18
1465, 1038.2
1466, 1038.21
1467, 1038.21
1468, 1038.24
1469, 1038.29
1470, 1038.3
1471, 1038.37
1472, 1038.39
1473, 1038.42
1474, 1038.47
1475, 1038.47
1476, 1038.53
1477, 1038.57
1478, 1038.59
1479, 1038.63
1480, 1038.63
1481, 1038.65
1482, 1038.66
1483, 1038.71
1484, 1038.72
1485, 1038.72
1486, 1038.73
1487, 1038.74
1488, 1038.75
1489, 1038.75
1490, 1038.75
1491, 1038.76
1492, 1038.87
1493, 1038.93
1494, 1038.93
1495, 1038.93
1496, 1038.94
1497, 1038.94
1498, 1038.97
1499, 1039.01
1500, 1039.01
1501, 1039.1
1502, 1039.16
1503, 1039.19
1504, 1039.22
1505, 1039.24
1506, 1039.27
1507, 1039.3
1508, 1039.3
1509, 1039.33
1510, 1039.34
1511, 1039.34
1512, 1039.36
1513, 1039.37
1514, 1039.44
1515, 1039.46
1516, 1039.47
1517, 1039.5
1518, 1039.52
1519, 1039.52
1520, 1039.56
1521, 1039.58
1522, 1039.59
1523, 1039.63
1524, 1039.66
1525, 1039.71
1526, 1039.74
1527, 1039.75
1528, 1039.75
1529, 1039.77
1530, 1039.8
1531, 1039.83
1532, 1039.85
1533, 1039.89
1534, 1039.89
1535, 1039.89
1536, 1039.9
1537, 1039.93
1538, 1039.95
1539, 1039.98
1540, 1040.01
1541, 1040.01
1542, 1040.06
1543, 1040.07
1544, 1040.08
1545, 1040.09
1546, 1040.1
1547, 1040.17
1548, 1040.19
1549, 1040.23
1550, 1040.24
1551, 1040.24
1552, 1040.29
1553, 1040.31
1554, 1040.31
1555, 1040.32
1556, 1040.34
1557, 1040.36
1558, 1040.44
1559, 1040.48
1560, 1040.53
1561, 1040.54
1562, 1040.55
1563, 1040.57
1564, 1040.57
1565, 1040.59
1566, 1040.61
1567, 1040.62
1568, 1040.63
1569, 1040.65
1570, 1040.66
1571, 1040.68
1572, 1040.68
1573, 1040.72
1574, 1040.73
1575, 1040.74
1576, 1040.74
1577, 1040.77
1578, 1040.8
1579, 1040.81
1580, 1040.81
1581, 1040.82
1582, 1040.83
1583, 1040.86
1584, 1040.87
1585, 1040.95
1586, 1040.98
1587, 1040.98
1588, 1041.03
1589, 1041.06
1590, 1041.07
1591, 1041.15
1592, 1041.17
1593, 1041.18
1594, 1041.2
1595, 1041.22
1596, 1041.23
1597, 1041.28
1598, 1041.32
1599, 1041.32
1600, 1041.33
1601, 1041.34
1602, 1041.38
1603, 1041.42
1604, 1041.43
1605, 1041.43
1606, 1041.43
1607, 1041.44
1608, 1041.45
1609, 1041.46
1610, 1041.5
1611, 1041.51
1612, 1041.51
1613, 1041.55
1614, 1041.58
1615, 1041.64
1616, 1041.65
1617, 1041.65
1618, 1041.69
1619, 1041.7
1620, 1041.71
1621, 1041.76
1622, 1041.77
1623, 1041.8
1624, 1041.8
1625, 1041.81
1626, 1041.84
1627, 1041.89
1628, 1041.89
1629, 1041.94
1630, 1041.96
1631, 1041.98
1632, 1042.03
1633, 1042.04
1634, 1042.07
1635, 1042.07
1636, 1042.08
1637, 1042.08
1638, 1042.09
1639, 1042.1
1640, 1042.1
1641, 1042.11
1642, 1042.14
1643, 1042.14
1644, 1042.18
1645, 1042.18
1646, 1042.19
1647, 1042.19
1648, 1042.22
1649, 1042.23
1650, 1042.24
1651, 1042.26
1652, 1042.29
1653, 1042.32
1654, 1042.34
1655, 1042.34
1656, 1042.35
1657, 1042.37
1658, 1042.38
1659, 1042.39
1660, 1042.4
1661, 1042.41
1662, 1042.44
1663, 1042.45
1664, 1042.46
1665, 1042.5
1666, 1042.51
1667, 1042.52
1668, 1042.58
1669, 1042.61
1670, 1042.61
1671, 1042.64
1672, 1042.65
1673, 1042.67
1674, 1042.67
1675, 1042.7
1676, 1042.71
1677, 1042.76
1678, 1042.8
1679, 1042.8
1680, 1042.8
1681, 1042.82
1682, 1042.84
1683, 1042.84
1684, 1042.86
1685, 1042.89
1686, 1042.92
1687, 1042.93
1688, 1042.96
1689, 1043.01
1690, 1043.02
1691, 1043.03
1692, 1043.04
1693, 1043.06
1694, 1043.07
1695, 1043.08
1696, 1043.14
1697, 1043.16
1698, 1043.18
1699, 1043.2
1700, 1043.2
1701, 1043.27
1702, 1043.28
1703, 1043.29
1704, 1043.31
1705, 1043.31
1706, 1043.35
1707, 1043.36
1708, 1043.37
1709, 1043.38
1710, 1043.39
1711, 1043.43
1712, 1043.45
1713, 1043.47
1714, 1043.49
1715, 1043.51
1716, 1043.53
1717, 1043.53
1718, 1043.53
1719, 1043.59
1720, 1043.61
1721, 1043.63
1722, 1043.64
1723, 1043.66
1724, 1043.68
1725, 1043.69
1726, 1043.7
1727, 1043.7
1728, 1043.74
1729, 1043.78
1730, 1043.8
1731, 1043.82
1732, 1043.83
1733, 1043.87
1734, 1043.91
1735, 1043.91
1736, 1043.92
1737, 1043.93
1738, 1043.93
1739, 1043.99
1740, 1044
1741, 1044.04
1742, 1044.04
1743, 1044.06
1744, 1044.07
1745, 1044.1
1746, 1044.12
1747, 1044.12
1748, 1044.12
1749, 1044.15
1750, 1044.16
1751, 1044.17
1752, 1044.18
1753, 1044.2
1754, 1044.21
1755, 1044.21
1756, 1044.22
1757, 1044.24
1758, 1044.25
1759, 1044.29
1760, 1044.29
1761, 1044.31
1762, 1044.34
1763, 1044.35
1764, 1044.35
1765, 1044.37
1766, 1044.42
1767, 1044.44
1768, 1044.49
1769, 1044.51
1770, 1044.54
1771, 1044.55
1772, 1044.58
1773, 1044.59
1774, 1044.59
1775, 1044.65
1776, 1044.68
1777, 1044.68
1778, 1044.72
1779, 1044.75
1780, 1044.75
1781, 1044.79
1782, 1044.79
1783, 1044.82
1784, 1044.86
1785, 1044.86
1786, 1044.86
1787, 1044.87
1788, 1044.88
1789, 1044.89
1790, 1044.89
1791, 1044.89
1792, 1044.9
1793, 1044.92
1794, 1044.93
1795, 1044.95
1796, 1044.98
1797, 1044.99
1798, 1044.99
1799, 1044.99
1800, 1045
1801, 1045.02
1802, 1045.02
1803, 1045.05
1804, 1045.08
1805, 1045.1
1806, 1045.1
1807, 1045.13
1808, 1045.15
1809, 1045.15
1810, 1045.16
1811, 1045.18
1812, 1045.22
1813, 1045.24
1814, 1045.25
1815, 1045.26
1816, 1045.27
1817, 1045.28
1818, 1045.3
1819, 1045.31
1820, 1045.33
1821, 1045.37
1822, 1045.4
1823, 1045.42
1824, 1045.44
1825, 1045.44
1826, 1045.45
1827, 1045.47
1828, 1045.48
1829, 1045.49
1830, 1045.5
1831, 1045.52
1832, 1045.57
1833, 1045.57
1834, 1045.57
1835, 1045.58
1836, 1045.58
1837, 1045.6
1838, 1045.62
1839, 1045.64
1840, 1045.66
1841, 1045.66
1842, 1045.67
1843, 1045.71
1844, 1045.76
1845, 1045.76
1846, 1045.81
1847, 1045.81
1848, 1045.84
1849, 1045.88
1850, 1045.89
1851, 1045.9
1852, 1045.96
1853, 1045.98
1854, 1045.99
1855, 1046
1856, 1046.01
1857, 1046.08
1858, 1046.09
1859, 1046.13
1860, 1046.14
1861, 1046.14
1862, 1046.17
1863, 1046.17
1864, 1046.18
1865, 1046.19
1866, 1046.21
1867, 1046.24
1868, 1046.31
1869, 1046.34
1870, 1046.35
1871, 1046.36
1872, 1046.38
1873, 1046.38
1874, 1046.4
1875, 1046.42
1876, 1046.46
1877, 1046.5
1878, 1046.51
1879, 1046.52
1880, 1046.53
1881, 1046.53
1882, 1046.53
1883, 1046.58
1884, 1046.58
1885, 1046.58
1886, 1046.59
1887, 1046.6
1888, 1046.6
1889, 1046.61
1890, 1046.64
1891, 1046.64
1892, 1046.67
1893, 1046.68
1894, 1046.68
1895, 1046.71
1896, 1046.73
1897, 1046.75
1898, 1046.78
1899, 1046.79
1900, 1046.8
1901, 1046.81
1902, 1046.81
1903, 1046.82
1904, 1046.82
1905, 1046.82
1906, 1046.82
1907, 1046.83
1908, 1046.83
1909, 1046.86
1910, 1046.86
1911, 1046.87
1912, 1046.92
1913, 1046.93
1914, 1046.95
1915, 1046.95
1916, 1046.95
1917, 1046.97
1918, 1047.01
1919, 1047.02
1920, 1047.02
1921, 1047.02
1922, 1047.03
1923, 1047.03
1924, 1047.14
1925, 1047.14
1926, 1047.17
1927, 1047.19
1928, 1047.2
1929, 1047.26
1930, 1047.27
1931, 1047.28
1932, 1047.29
1933, 1047.3
1934, 1047.3
1935, 1047.32
1936, 1047.35
1937, 1047.36
1938, 1047.37
1939, 1047.37
1940, 1047.43
1941, 1047.45
1942, 1047.45
1943, 1047.47
1944, 1047.49
1945, 1047.5
1946, 1047.53
1947, 1047.56
1948, 1047.59
1949, 1047.59
1950, 1047.64
1951, 1047.66
1952, 1047.66
1953, 1047.66
1954, 1047.66
1955, 1047.67
1956, 1047.68
1957, 1047.69
1958, 1047.69
1959, 1047.75
1960, 1047.75
1961, 1047.76
1962, 1047.76
1963, 1047.78
1964, 1047.82
1965, 1047.83
1966, 1047.85
1967, 1047.89
1968, 1047.9
1969, 1047.9
1970, 1047.91
1971, 1047.92
1972, 1047.95
1973, 1047.97
1974, 1047.97
1975, 1047.98
1976, 1047.99
1977, 1048.01
1978, 1048.03
1979, 1048.04
1980, 1048.07
1981, 1048.09
1982, 1048.1
1983, 1048.15
1984, 1048.16
1985, 1048.18
1986, 1048.2
1987, 1048.2
1988, 1048.22
1989, 1048.24
1990, 1048.25
1991, 1048.26
1992, 1048.29
1993, 1048.32
1994, 1048.33
1995, 1048.36
1996, 1048.37
1997, 1048.37
1998, 1048.38
1999, 1048.38
2000, 1048.39
2001, 1048.4
2002, 1048.41
2003, 1048.44
2004, 1048.46
2005, 1048.47
2006, 1048.47
2007, 1048.49
2008, 1048.51
2009, 1048.52
2010, 1048.62
2011, 1048.62
2012, 1048.62
2013, 1048.62
2014, 1048.64
2015, 1048.64
2016, 1048.67
2017, 1048.68
2018, 1048.73
2019, 1048.77
2020, 1048.77
2021, 1048.85
2022, 1048.86
2023, 1048.93
2024, 1048.96
2025, 1048.97
2026, 1048.97
2027, 1048.98
2028, 1048.99
2029, 1048.99
2030, 1049.04
2031, 1049.04
2032, 1049.06
2033, 1049.1
2034, 1049.1
2035, 1049.14
2036, 1049.15
2037, 1049.16
2038, 1049.16
2039, 1049.16
2040, 1049.16
2041, 1049.2
2042, 1049.2
2043, 1049.2
2044, 1049.24
2045, 1049.25
2046, 1049.25
2047, 1049.26
2048, 1049.26
2049, 1049.28
2050, 1049.3
2051, 1049.3
2052, 1049.31
2053, 1049.37
2054, 1049.38
2055, 1049.43
2056, 1049.44
2057, 1049.45
2058, 1049.46
2059, 1049.51
2060, 1049.53
2061, 1049.53
2062, 1049.54
2063, 1049.56
2064, 1049.59
2065, 1049.6
2066, 1049.62
2067, 1049.64
2068, 1049.64
2069, 1049.64
2070, 1049.66
2071, 1049.67
2072, 1049.67
2073, 1049.68
2074, 1049.69
2075, 1049.71
2076, 1049.72
2077, 1049.73
2078, 1049.76
2079, 1049.82
2080, 1049.87
2081, 1049.88
2082, 1049.91
2083, 1049.91
2084, 1049.92
2085, 1049.93
2086, 1049.97
2087, 1049.98
2088, 1050.01
2089, 1050.01
2090, 1050.04
2091, 1050.05
2092, 1050.05
2093, 1050.05
2094, 1050.06
2095, 1050.07
2096, 1050.07
2097, 1050.07
2098, 1050.08
2099, 1050.08
2100, 1050.09
2101, 1050.09
2102, 1050.1
2103, 1050.11
2104, 1050.12
2105, 1050.12
2106, 1050.13
2107, 1050.14
2108, 1050.15
2109, 1050.16
2110, 1050.17
2111, 1050.23
2112, 1050.24
2113, 1050.27
2114, 1050.3
2115, 1050.34
2116, 1050.35
2117, 1050.36
2118, 1050.36
2119, 1050.37
2120, 1050.39
2121, 1050.43
2122, 1050.43
2123, 1050.44
2124, 1050.45
2125, 1050.46
2126, 1050.48
2127, 1050.51
2128, 1050.51
2129, 1050.51
2130, 1050.51
2131, 1050.52
2132, 1050.56
2133, 1050.57
2134, 1050.62
2135, 1050.63
2136, 1050.63
2137, 1050.63
2138, 1050.63
2139, 1050.63
2140, 1050.64
2141, 1050.66
2142, 1050.68
2143, 1050.7
2144, 1050.71
2145, 1050.71
2146, 1050.72
2147, 1050.72
2148, 1050.74
2149, 1050.74
2150, 1050.76
2151, 1050.76
2152, 1050.8
2153, 1050.8
2154, 1050.81
2155, 1050.83
2156, 1050.83
2157, 1050.86
2158, 1050.92
2159, 1050.93
2160, 1050.94
2161, 1050.95
2162, 1050.95
2163, 1050.96
2164, 1051.01
2165, 1051.01
2166, 1051.02
2167, 1051.04
2168, 1051.04
2169, 1051.05
2170, 1051.08
2171, 1051.1
2172, 1051.1
2173, 1051.11
2174, 1051.12
2175, 1051.13
2176, 1051.14
2177, 1051.16
2178, 1051.18
2179, 1051.2
2180, 1051.22
2181, 1051.22
2182, 1051.24
2183, 1051.27
2184, 1051.29
2185, 1051.31
2186, 1051.31
2187, 1051.32
2188, 1051.32
2189, 1051.34
2190, 1051.36
2191, 1051.37
2192, 1051.37
2193, 1051.38
2194, 1051.39
2195, 1051.39
2196, 1051.4
2197, 1051.4
2198, 1051.41
2199, 1051.44
2200, 1051.45
2201, 1051.45
2202, 1051.48
2203, 1051.49
2204, 1051.52
2205, 1051.54
2206, 1051.56
2207, 1051.57
2208, 1051.58
2209, 1051.62
2210, 1051.65
2211, 1051.67
2212, 1051.67
2213, 1051.69
2214, 1051.72
2215, 1051.74
2216, 1051.74
2217, 1051.76
2218, 1051.78
2219, 1051.78
2220, 1051.78
2221, 1051.78
2222, 1051.79
2223, 1051.8
2224, 1051.8
2225, 1051.81
2226, 1051.82
2227, 1051.83
2228, 1051.83
2229, 1051.85
2230, 1051.88
2231, 1051.91
2232, 1051.92
2233, 1051.93
2234, 1051.93
2235, 1051.93
2236, 1051.93
2237, 1051.94
2238, 1051.95
2239, 1051.97
2240, 1051.97
2241, 1051.99
2242, 1052.02
2243, 1052.02
2244, 1052.03
2245, 1052.08
2246, 1052.08
2247, 1052.08
2248, 1052.09
2249, 1052.09
2250, 1052.09
2251, 1052.1
2252, 1052.1
2253, 1052.1
2254, 1052.11
2255, 1052.11
2256, 1052.11
2257, 1052.12
2258, 1052.14
2259, 1052.19
2260, 1052.19
2261, 1052.22
2262, 1052.24
2263, 1052.27
2264, 1052.29
2265, 1052.29
2266, 1052.29
2267, 1052.3
2268, 1052.33
2269, 1052.35
2270, 1052.38
2271, 1052.39
2272, 1052.41
2273, 1052.43
2274, 1052.44
2275, 1052.46
2276, 1052.48
2277, 1052.49
2278, 1052.52
2279, 1052.52
2280, 1052.53
2281, 1052.53
2282, 1052.57
2283, 1052.61
2284, 1052.62
2285, 1052.62
2286, 1052.62
2287, 1052.65
2288, 1052.65
2289, 1052.67
2290, 1052.69
2291, 1052.69
2292, 1052.69
2293, 1052.73
2294, 1052.74
2295, 1052.75
2296, 1052.76
2297, 1052.76
2298, 1052.76
2299, 1052.78
2300, 1052.79
2301, 1052.79
2302, 1052.84
2303, 1052.86
2304, 1052.88
2305, 1052.89
2306, 1052.9
2307, 1052.93
2308, 1052.96
2309, 1052.97
2310, 1052.98
2311, 1052.98
2312, 1052.98
2313, 1053.04
2314, 1053.04
2315, 1053.06
2316, 1053.07
2317, 1053.08
2318, 1053.08
2319, 1053.08
2320, 1053.11
2321, 1053.12
2322, 1053.12
2323, 1053.13
2324, 1053.18
2325, 1053.18
2326, 1053.19
2327, 1053.22
2328, 1053.22
2329, 1053.22
2330, 1053.23
2331, 1053.29
2332, 1053.32
2333, 1053.33
2334, 1053.39
2335, 1053.39
2336, 1053.39
2337, 1053.39
2338, 1053.4
2339, 1053.41
2340, 1053.41
2341, 1053.45
2342, 1053.47
2343, 1053.47
2344, 1053.48
2345, 1053.48
2346, 1053.5
2347, 1053.55
2348, 1053.57
2349, 1053.59
2350, 1053.59
2351, 1053.62
2352, 1053.62
2353, 1053.63
2354, 1053.63
2355, 1053.7
2356, 1053.72
2357, 1053.73
2358, 1053.73
2359, 1053.75
2360, 1053.75
2361, 1053.77
2362, 1053.78
2363, 1053.8
2364, 1053.81
2365, 1053.82
2366, 1053.86
2367, 1053.87
2368, 1053.88
2369, 1053.88
2370, 1053.9
2371, 1053.91
2372, 1053.92
2373, 1053.93
2374, 1053.95
2375, 1053.98
2376, 1053.99
2377, 1053.99
2378, 1054
2379, 1054.04
2380, 1054.07
2381, 1054.14
2382, 1054.17
2383, 1054.17
2384, 1054.18
2385, 1054.18
2386, 1054.2
2387, 1054.2
2388, 1054.22
2389, 1054.22
2390, 1054.23
2391, 1054.31
2392, 1054.33
2393, 1054.33
2394, 1054.34
2395, 1054.35
2396, 1054.37
2397, 1054.4
2398, 1054.4
2399, 1054.4
2400, 1054.42
2401, 1054.44
2402, 1054.47
2403, 1054.48
2404, 1054.49
2405, 1054.52
2406, 1054.52
2407, 1054.52
2408, 1054.53
2409, 1054.53
2410, 1054.53
2411, 1054.54
2412, 1054.55
2413, 1054.57
2414, 1054.57
2415, 1054.58
2416, 1054.59
2417, 1054.59
2418, 1054.61
2419, 1054.62
2420, 1054.63
2421, 1054.63
2422, 1054.64
2423, 1054.65
2424, 1054.65
2425, 1054.65
2426, 1054.66
2427, 1054.67
2428, 1054.69
2429, 1054.7
2430, 1054.71
2431, 1054.73
2432, 1054.75
2433, 1054.75
2434, 1054.76
2435, 1054.77
2436, 1054.77
2437, 1054.77
2438, 1054.79
2439, 1054.8
2440, 1054.82
2441, 1054.83
2442, 1054.83
2443, 1054.88
2444, 1054.89
2445, 1054.91
2446, 1054.92
2447, 1054.92
2448, 1054.93
2449, 1054.95
2450, 1054.97
2451, 1054.97
2452, 1054.99
2453, 1055.01
2454, 1055.02
2455, 1055.02
2456, 1055.03
2457, 1055.03
2458, 1055.03
2459, 1055.04
2460, 1055.05
2461, 1055.08
2462, 1055.12
2463, 1055.15
2464, 1055.19
2465, 1055.19
2466, 1055.2
2467, 1055.2
2468, 1055.23
2469, 1055.24
2470, 1055.26
2471, 1055.28
2472, 1055.31
2473, 1055.32
2474, 1055.33
2475, 1055.35
2476, 1055.35
2477, 1055.36
2478, 1055.36
2479, 1055.38
2480, 1055.38
2481, 1055.4
2482, 1055.42
2483, 1055.42
2484, 1055.46
2485, 1055.5
2486, 1055.53
2487, 1055.53
2488, 1055.55
2489, 1055.56
2490, 1055.57
2491, 1055.58
2492, 1055.59
2493, 1055.62
2494, 1055.62
2495, 1055.64
2496, 1055.66
2497, 1055.67
2498, 1055.7
2499, 1055.71
2500, 1055.72
2501, 1055.72
2502, 1055.77
2503, 1055.79
2504, 1055.8
2505, 1055.83
2506, 1055.84
2507, 1055.89
2508, 1055.89
2509, 1055.89
2510, 1055.91
2511, 1055.93
2512, 1055.95
2513, 1055.96
2514, 1055.97
2515, 1055.98
2516, 1055.99
2517, 1056
2518, 1056
2519, 1056
2520, 1056.02
2521, 1056.02
2522, 1056.07
2523, 1056.1
2524, 1056.1
2525, 1056.1
2526, 1056.11
2527, 1056.17
2528, 1056.17
2529, 1056.2
2530, 1056.2
2531, 1056.21
2532, 1056.21
2533, 1056.22
2534, 1056.24
2535, 1056.25
2536, 1056.27
2537, 1056.29
2538, 1056.29
2539, 1056.32
2540, 1056.37
2541, 1056.38
2542, 1056.38
2543, 1056.39
2544, 1056.4
2545, 1056.41
2546, 1056.42
2547, 1056.43
2548, 1056.48
2549, 1056.48
2550, 1056.49
2551, 1056.49
2552, 1056.5
2553, 1056.52
2554, 1056.52
2555, 1056.59
2556, 1056.6
2557, 1056.63
2558, 1056.65
2559, 1056.65
2560, 1056.67
2561, 1056.67
2562, 1056.67
2563, 1056.7
2564, 1056.72
2565, 1056.72
2566, 1056.72
2567, 1056.75
2568, 1056.77
2569, 1056.85
2570, 1056.88
2571, 1056.92
2572, 1056.93
2573, 1056.95
2574, 1056.95
2575, 1056.96
2576, 1056.96
2577, 1056.97
2578, 1056.97
2579, 1056.98
2580, 1057
2581, 1057.01
2582, 1057.02
2583, 1057.02
2584, 1057.03
2585, 1057.03
2586, 1057.05
2587, 1057.06
2588, 1057.07
2589, 1057.08
2590, 1057.12
2591, 1057.13
2592, 1057.13
2593, 1057.14
2594, 1057.15
2595, 1057.16
2596, 1057.17
2597, 1057.18
2598, 1057.19
2599, 1057.2
2600, 1057.2
2601, 1057.21
2602, 1057.22
2603, 1057.28
2604, 1057.28
2605, 1057.29
2606, 1057.3
2607, 1057.3
2608, 1057.31
2609, 1057.32
2610, 1057.33
2611, 1057.39
2612, 1057.39
2613, 1057.4
2614, 1057.4
2615, 1057.41
2616, 1057.41
2617, 1057.41
2618, 1057.41
2619, 1057.41
2620, 1057.44
2621, 1057.44
2622, 1057.44
2623, 1057.44
2624, 1057.46
2625, 1057.46
2626, 1057.47
2627, 1057.48
2628, 1057.48
2629, 1057.49
2630, 1057.51
2631, 1057.52
2632, 1057.52
2633, 1057.55
2634, 1057.56
2635, 1057.57
2636, 1057.59
2637, 1057.6
2638, 1057.61
2639, 1057.62
2640, 1057.63
2641, 1057.65
2642, 1057.66
2643, 1057.67
2644, 1057.68
2645, 1057.68
2646, 1057.69
2647, 1057.71
2648, 1057.71
2649, 1057.72
2650, 1057.72
2651, 1057.72
2652, 1057.73
2653, 1057.75
2654, 1057.75
2655, 1057.75
2656, 1057.75
2657, 1057.76
2658, 1057.76
2659, 1057.76
2660, 1057.76
2661, 1057.76
2662, 1057.78
2663, 1057.79
2664, 1057.82
2665, 1057.83
2666, 1057.84
2667, 1057.85
2668, 1057.87
2669, 1057.87
2670, 1057.88
2671, 1057.91
2672, 1057.91
2673, 1057.91
2674, 1057.91
2675, 1057.92
2676, 1057.94
2677, 1057.95
2678, 1057.97
2679, 1057.97
2680, 1057.99
2681, 1058.03
2682, 1058.03
2683, 1058.07
2684, 1058.09
2685, 1058.09
2686, 1058.12
2687, 1058.12
2688, 1058.15
2689, 1058.2
2690, 1058.22
2691, 1058.23
2692, 1058.23
2693, 1058.25
2694, 1058.3
2695, 1058.31
2696, 1058.33
2697, 1058.33
2698, 1058.34
2699, 1058.35
2700, 1058.35
2701, 1058.38
2702, 1058.4
2703, 1058.41
2704, 1058.42
2705, 1058.46
2706, 1058.49
2707, 1058.52
2708, 1058.53
2709, 1058.53
2710, 1058.54
2711, 1058.54
2712, 1058.55
2713, 1058.58
2714, 1058.59
2715, 1058.59
2716, 1058.6
2717, 1058.64
2718, 1058.66
2719, 1058.67
2720, 1058.67
2721, 1058.7
2722, 1058.71
2723, 1058.73
2724, 1058.74
2725, 1058.75
2726, 1058.78
2727, 1058.8
2728, 1058.8
2729, 1058.81
2730, 1058.82
2731, 1058.84
2732, 1058.84
2733, 1058.86
2734, 1058.87
2735, 1058.88
2736, 1058.88
2737, 1058.92
2738, 1058.93
2739, 1058.93
2740, 1058.94
2741, 1058.95
2742, 1058.96
2743, 1058.99
2744, 1059
2745, 1059
2746, 1059.01
2747, 1059.04
2748, 1059.04
2749, 1059.07
2750, 1059.07
2751, 1059.08
2752, 1059.09
2753, 1059.09
2754, 1059.1
2755, 1059.11
2756, 1059.11
2757, 1059.12
2758, 1059.13
2759, 1059.14
2760, 1059.15
2761, 1059.2
2762, 1059.22
2763, 1059.23
2764, 1059.25
2765, 1059.25
2766, 1059.25
2767, 1059.27
2768, 1059.35
2769, 1059.35
2770, 1059.39
2771, 1059.41
2772, 1059.43
2773, 1059.44
2774, 1059.44
2775, 1059.45
2776, 1059.46
2777, 1059.47
2778, 1059.47
2779, 1059.47
2780, 1059.5
2781, 1059.53
2782, 1059.55
2783, 1059.56
2784, 1059.6
2785, 1059.62
2786, 1059.62
2787, 1059.64
2788, 1059.64
2789, 1059.64
2790, 1059.64
2791, 1059.66
2792, 1059.66
2793, 1059.69
2794, 1059.7
2795, 1059.71
2796, 1059.72
2797, 1059.73
2798, 1059.75
2799, 1059.76
2800, 1059.76
2801, 1059.77
2802, 1059.79
2803, 1059.79
2804, 1059.79
2805, 1059.81
2806, 1059.82
2807, 1059.82
2808, 1059.82
2809, 1059.83
2810, 1059.84
2811, 1059.85
2812, 1059.86
2813, 1059.87
2814, 1059.91
2815, 1059.91
2816, 1059.93
2817, 1059.95
2818, 1059.96
2819, 1059.96
2820, 1059.99
2821, 1060
2822, 1060.03
2823, 1060.06
2824, 1060.08
2825, 1060.09
2826, 1060.09
2827, 1060.09
2828, 1060.11
2829, 1060.11
2830, 1060.12
2831, 1060.12
2832, 1060.14
2833, 1060.17
2834, 1060.17
2835, 1060.21
2836, 1060.22
2837, 1060.22
2838, 1060.22
2839, 1060.25
2840, 1060.26
2841, 1060.27
2842, 1060.28
2843, 1060.28
2844, 1060.3
2845, 1060.33
2846, 1060.33
2847, 1060.33
2848, 1060.36
2849, 1060.36
2850, 1060.37
2851, 1060.37
2852, 1060.38
2853, 1060.41
2854, 1060.46
2855, 1060.48
2856, 1060.49
2857, 1060.51
2858, 1060.53
2859, 1060.54
2860, 1060.55
2861, 1060.55
2862, 1060.56
2863, 1060.58
2864, 1060.59
2865, 1060.59
2866, 1060.61
2867, 1060.62
2868, 1060.62
2869, 1060.65
2870, 1060.65
2871, 1060.68
2872, 1060.7
2873, 1060.74
2874, 1060.74
2875, 1060.78
2876, 1060.78
2877, 1060.81
2878, 1060.83
2879, 1060.84
2880, 1060.86
2881, 1060.87
2882, 1060.87
2883, 1060.87
2884, 1060.87
2885, 1060.87
2886, 1060.87
2887, 1060.88
2888, 1060.91
2889, 1060.93
2890, 1060.94
2891, 1060.94
2892, 1060.94
2893, 1060.95
2894, 1060.97
2895, 1060.99
2896, 1060.99
2897, 1060.99
2898, 1061.01
2899, 1061.01
2900, 1061.02
2901, 1061.02
2902, 1061.04
2903, 1061.04
2904, 1061.06
2905, 1061.06
2906, 1061.09
2907, 1061.09
2908, 1061.15
2909, 1061.16
2910, 1061.19
2911, 1061.21
2912, 1061.24
2913, 1061.27
2914, 1061.27
2915, 1061.28
2916, 1061.29
2917, 1061.3
2918, 1061.31
2919, 1061.33
2920, 1061.33
2921, 1061.35
2922, 1061.37
2923, 1061.39
2924, 1061.39
2925, 1061.4
2926, 1061.4
2927, 1061.42
2928, 1061.46
2929, 1061.46
2930, 1061.46
2931, 1061.47
2932, 1061.47
2933, 1061.48
2934, 1061.5
2935, 1061.5
2936, 1061.51
2937, 1061.51
2938, 1061.52
2939, 1061.52
2940, 1061.55
2941, 1061.57
2942, 1061.57
2943, 1061.58
2944, 1061.58
2945, 1061.58
2946, 1061.59
2947, 1061.61
2948, 1061.63
2949, 1061.69
2950, 1061.71
2951, 1061.71
2952, 1061.74
2953, 1061.75
2954, 1061.75
2955, 1061.77
2956, 1061.8
2957, 1061.8
2958, 1061.81
2959, 1061.84
2960, 1061.84
2961, 1061.85
2962, 1061.85
2963, 1061.86
2964, 1061.88
2965, 1061.89
2966, 1061.94
2967, 1061.94
2968, 1061.97
2969, 1061.97
2970, 1061.97
2971, 1061.98
2972, 1061.98
2973, 1061.99
2974, 1061.99
2975, 1061.99
2976, 1062
2977, 1062.03
2978, 1062.03
2979, 1062.04
2980, 1062.09
2981, 1062.11
2982, 1062.12
2983, 1062.13
2984, 1062.15
2985, 1062.18
2986, 1062.19
2987, 1062.21
2988, 1062.21
2989, 1062.24
2990, 1062.25
2991, 1062.27
2992, 1062.28
2993, 1062.29
2994, 1062.29
2995, 1062.3
2996, 1062.31
2997, 1062.33
2998, 1062.33
2999, 1062.34
3000, 1062.34
3001, 1062.36
3002, 1062.37
3003, 1062.38
3004, 1062.39
3005, 1062.41
3006, 1062.42
3007, 1062.43
3008, 1062.45
3009, 1062.46
3010, 1062.48
3011, 1062.49
3012, 1062.51
3013, 1062.51
3014, 1062.51
3015, 1062.52
3016, 1062.55
3017, 1062.55
3018, 1062.55
3019, 1062.57
3020, 1062.58
3021, 1062.6
3022, 1062.6
3023, 1062.61
3024, 1062.63
3025, 1062.63
3026, 1062.64
3027, 1062.65
3028, 1062.66
3029, 1062.67
3030, 1062.68
3031, 1062.68
3032, 1062.68
3033, 1062.69
3034, 1062.69
3035, 1062.7
3036, 1062.7
3037, 1062.74
3038, 1062.74
3039, 1062.75
3040, 1062.76
3041, 1062.79
3042, 1062.82
3043, 1062.83
3044, 1062.84
3045, 1062.84
3046, 1062.85
3047, 1062.88
3048, 1062.88
3049, 1062.88
3050, 1062.9
3051, 1062.92
3052, 1062.93
3053, 1062.94
3054, 1062.96
3055, 1062.99
3056, 1063.01
3057, 1063.02
3058, 1063.02
3059, 1063.04
3060, 1063.05
3061, 1063.05
3062, 1063.05
3063, 1063.05
3064, 1063.07
3065, 1063.09
3066, 1063.09
3067, 1063.09
3068, 1063.1
3069, 1063.1
3070, 1063.14
3071, 1063.15
3072, 1063.15
3073, 1063.15
3074, 1063.17
3075, 1063.18
3076, 1063.19
3077, 1063.19
3078, 1063.19
3079, 1063.2
3080, 1063.2
3081, 1063.21
3082, 1063.22
3083, 1063.22
3084, 1063.24
3085, 1063.25
3086, 1063.27
3087, 1063.27
3088, 1063.28
3089, 1063.3
3090, 1063.31
3091, 1063.32
3092, 1063.36
3093, 1063.39
3094, 1063.39
3095, 1063.4
3096, 1063.42
3097, 1063.48
3098, 1063.49
3099, 1063.5
3100, 1063.51
3101, 1063.52
3102, 1063.52
3103, 1063.54
3104, 1063.54
3105, 1063.56
3106, 1063.58
3107, 1063.59
3108, 1063.61
3109, 1063.61
3110, 1063.62
3111, 1063.64
3112, 1063.64
3113, 1063.66
3114, 1063.66
3115, 1063.68
3116, 1063.71
3117, 1063.71
3118, 1063.73
3119, 1063.74
3120, 1063.74
3121, 1063.76
3122, 1063.77
3123, 1063.77
3124, 1063.78
3125, 1063.78
3126, 1063.8
3127, 1063.82
3128, 1063.83
3129, 1063.83
3130, 1063.83
3131, 1063.83
3132, 1063.84
3133, 1063.85
3134, 1063.86
3135, 1063.87
3136, 1063.88
3137, 1063.88
3138, 1063.89
3139, 1063.89
3140, 1063.9
3141, 1063.92
3142, 1063.94
3143, 1063.95
3144, 1063.95
3145, 1063.95
3146, 1063.96
3147, 1063.96
3148, 1063.97
3149, 1063.97
3150, 1063.98
3151, 1063.99
3152, 1063.99
3153, 1064.01
3154, 1064.01
3155, 1064.05
3156, 1064.05
3157, 1064.06
3158, 1064.06
3159, 1064.07
3160, 1064.07
3161, 1064.12
3162, 1064.12
3163, 1064.12
3164, 1064.15
3165, 1064.19
3166, 1064.19
3167, 1064.2
3168, 1064.2
3169, 1064.21
3170, 1064.22
3171, 1064.22
3172, 1064.24
3173, 1064.24
3174, 1064.25
3175, 1064.27
3176, 1064.28
3177, 1064.28
3178, 1064.28
3179, 1064.3
3180, 1064.32
3181, 1064.32
3182, 1064.33
3183, 1064.35
3184, 1064.35
3185, 1064.36
3186, 1064.37
3187, 1064.37
3188, 1064.38
3189, 1064.39
3190, 1064.39
3191, 1064.42
3192, 1064.43
3193, 1064.48
3194, 1064.5
3195, 1064.5
3196, 1064.51
3197, 1064.51
3198, 1064.52
3199, 1064.53
3200, 1064.55
3201, 1064.55
3202, 1064.56
3203, 1064.57
3204, 1064.57
3205, 1064.58
3206, 1064.58
3207, 1064.58
3208, 1064.6
3209, 1064.62
3210, 1064.65
3211, 1064.67
3212, 1064.68
3213, 1064.68
3214, 1064.69
3215, 1064.7
3216, 1064.73
3217, 1064.73
3218, 1064.74
3219, 1064.75
3220, 1064.77
3221, 1064.78
3222, 1064.81
3223, 1064.88
3224, 1064.9
3225, 1064.9
3226, 1064.92
3227, 1064.94
3228, 1064.99
3229, 1064.99
3230, 1065.01
3231, 1065.02
3232, 1065.03
3233, 1065.03
3234, 1065.08
3235, 1065.08
3236, 1065.08
3237, 1065.08
3238, 1065.09
3239, 1065.1
3240, 1065.1
3241, 1065.1
3242, 1065.11
3243, 1065.11
3244, 1065.12
3245, 1065.14
3246, 1065.16
3247, 1065.18
3248, 1065.19
3249, 1065.19
3250, 1065.2
3251, 1065.2
3252, 1065.21
3253, 1065.24
3254, 1065.25
3255, 1065.27
3256, 1065.28
3257, 1065.3
3258, 1065.3
3259, 1065.3
3260, 1065.32
3261, 1065.32
3262, 1065.36
3263, 1065.37
3264, 1065.38
3265, 1065.39
3266, 1065.39
3267, 1065.4
3268, 1065.41
3269, 1065.41
3270, 1065.43
3271, 1065.44
3272, 1065.44
3273, 1065.44
3274, 1065.45
3275, 1065.5
3276, 1065.51
3277, 1065.52
3278, 1065.55
3279, 1065.59
3280, 1065.59
3281, 1065.59
3282, 1065.64
3283, 1065.65
3284, 1065.65
3285, 1065.66
3286, 1065.67
3287, 1065.69
3288, 1065.7
3289, 1065.72
3290, 1065.72
3291, 1065.74
3292, 1065.76
3293, 1065.78
3294, 1065.8
3295, 1065.8
3296, 1065.81
3297, 1065.81
3298, 1065.81
3299, 1065.82
3300, 1065.84
3301, 1065.84
3302, 1065.85
3303, 1065.87
3304, 1065.88
3305, 1065.89
3306, 1065.89
3307, 1065.93
3308, 1065.94
3309, 1065.94
3310, 1065.94
3311, 1065.96
3312, 1065.97
3313, 1065.99
3314, 1066
3315, 1066.02
3316, 1066.06
3317, 1066.08
3318, 1066.09
3319, 1066.1
3320, 1066.1
3321, 1066.12
3322, 1066.12
3323, 1066.13
3324, 1066.16
3325, 1066.16
3326, 1066.17
3327, 1066.17
3328, 1066.18
3329, 1066.2
3330, 1066.21
3331, 1066.21
3332, 1066.24
3333, 1066.24
3334, 1066.25
3335, 1066.25
3336, 1066.25
3337, 1066.25
3338, 1066.26
3339, 1066.27
3340, 1066.29
3341, 1066.3
3342, 1066.3
3343, 1066.31
3344, 1066.32
3345, 1066.33
3346, 1066.34
3347, 1066.35
3348, 1066.35
3349, 1066.37
3350, 1066.37
3351, 1066.38
3352, 1066.42
3353, 1066.42
3354, 1066.44
3355, 1066.44
3356, 1066.45
3357, 1066.45
3358, 1066.47
3359, 1066.48
3360, 1066.49
3361, 1066.5
3362, 1066.5
3363, 1066.52
3364, 1066.53
3365, 1066.54
3366, 1066.55
3367, 1066.56
3368, 1066.56
3369, 1066.57
3370, 1066.6
3371, 1066.61
3372, 1066.63
3373, 1066.63
3374, 1066.68
3375, 1066.68
3376, 1066.69
3377, 1066.7
3378, 1066.71
3379, 1066.71
3380, 1066.72
3381, 1066.72
3382, 1066.75
3383, 1066.75
3384, 1066.77
3385, 1066.79
3386, 1066.81
3387, 1066.82
3388, 1066.84
3389, 1066.84
3390, 1066.88
3391, 1066.9
3392, 1066.94
3393, 1066.94
3394, 1066.95
3395, 1066.96
3396, 1066.97
3397, 1066.98
3398, 1066.98
3399, 1066.98
3400, 1066.99
3401, 1067
3402, 1067.01
3403, 1067.01
3404, 1067.02
3405, 1067.03
3406, 1067.03
3407, 1067.04
3408, 1067.06
3409, 1067.07
3410, 1067.07
3411, 1067.07
3412, 1067.08
3413, 1067.09
3414, 1067.09
3415, 1067.1
3416, 1067.1
3417, 1067.11
3418, 1067.13
3419, 1067.14
3420, 1067.15
3421, 1067.16
3422, 1067.16
3423, 1067.19
3424, 1067.2
3425, 1067.2
3426, 1067.2
3427, 1067.22
3428, 1067.23
3429, 1067.24
3430, 1067.24
3431, 1067.26
3432, 1067.28
3433, 1067.29
3434, 1067.3
3435, 1067.3
3436, 1067.3
3437, 1067.31
3438, 1067.32
3439, 1067.34
3440, 1067.35
3441, 1067.35
3442, 1067.38
3443, 1067.4
3444, 1067.41
3445, 1067.42
3446, 1067.42
3447, 1067.43
3448, 1067.45
3449, 1067.47
3450, 1067.48
3451, 1067.49
3452, 1067.56
3453, 1067.58
3454, 1067.59
3455, 1067.59
3456, 1067.6
3457, 1067.63
3458, 1067.63
3459, 1067.64
3460, 1067.64
3461, 1067.64
3462, 1067.66
3463, 1067.66
3464, 1067.68
3465, 1067.7
3466, 1067.72
3467, 1067.74
3468, 1067.8
3469, 1067.81
3470, 1067.81
3471, 1067.81
3472, 1067.86
3473, 1067.88
3474, 1067.89
3475, 1067.9
3476, 1067.91
3477, 1067.92
3478, 1067.94
3479, 1067.96
3480, 1067.97
3481, 1067.99
3482, 1068.01
3483, 1068.02
3484, 1068.04
3485, 1068.04
3486, 1068.05
3487, 1068.07
3488, 1068.07
3489, 1068.13
3490, 1068.13
3491, 1068.15
3492, 1068.16
3493, 1068.18
3494, 1068.18
3495, 1068.19
3496, 1068.19
3497, 1068.19
3498, 1068.21
3499, 1068.22
3500, 1068.22
3501, 1068.24
3502, 1068.28
3503, 1068.28
3504, 1068.28
3505, 1068.3
3506, 1068.31
3507, 1068.33
3508, 1068.33
3509, 1068.34
3510, 1068.34
3511, 1068.34
3512, 1068.34
3513, 1068.34
3514, 1068.35
3515, 1068.35
3516, 1068.36
3517, 1068.37
3518, 1068.39
3519, 1068.41
3520, 1068.45
3521, 1068.49
3522, 1068.5
3523, 1068.51
3524, 1068.52
3525, 1068.54
3526, 1068.54
3527, 1068.54
3528, 1068.55
3529, 1068.55
3530, 1068.57
3531, 1068.59
3532, 1068.6
3533, 1068.63
3534, 1068.67
3535, 1068.67
3536, 1068.68
3537, 1068.68
3538, 1068.69
3539, 1068.7
3540, 1068.71
3541, 1068.71
3542, 1068.72
3543, 1068.73
3544, 1068.74
3545, 1068.74
3546, 1068.77
3547, 1068.79
3548, 1068.82
3549, 1068.83
3550, 1068.84
3551, 1068.84
3552, 1068.87
3553, 1068.87
3554, 1068.88
3555, 1068.88
3556, 1068.89
3557, 1068.89
3558, 1068.9
3559, 1068.95
3560, 1068.96
3561, 1068.97
3562, 1068.97
3563, 1068.97
3564, 1068.98
3565, 1069.02
3566, 1069.06
3567, 1069.06
3568, 1069.1
3569, 1069.12
3570, 1069.14
3571, 1069.15
3572, 1069.15
3573, 1069.16
3574, 1069.16
3575, 1069.17
3576, 1069.18
3577, 1069.18
3578, 1069.18
3579, 1069.19
3580, 1069.21
3581, 1069.22
3582, 1069.22
3583, 1069.22
3584, 1069.24
3585, 1069.25
3586, 1069.25
3587, 1069.26
3588, 1069.27
3589, 1069.29
3590, 1069.3
3591, 1069.31
3592, 1069.32
3593, 1069.33
3594, 1069.33
3595, 1069.34
3596, 1069.34
3597, 1069.35
3598, 1069.36
3599, 1069.37
3600, 1069.38
3601, 1069.4
3602, 1069.42
3603, 1069.42
3604, 1069.43
3605, 1069.44
3606, 1069.44
3607, 1069.47
3608, 1069.48
3609, 1069.48
3610, 1069.49
3611, 1069.49
3612, 1069.5
3613, 1069.51
3614, 1069.53
3615, 1069.54
3616, 1069.54
3617, 1069.55
3618, 1069.56
3619, 1069.57
3620, 1069.57
3621, 1069.63
3622, 1069.64
3623, 1069.64
3624, 1069.67
3625, 1069.67
3626, 1069.67
3627, 1069.68
3628, 1069.7
3629, 1069.73
3630, 1069.74
3631, 1069.74
3632, 1069.75
3633, 1069.75
3634, 1069.76
3635, 1069.76
3636, 1069.78
3637, 1069.79
3638, 1069.8
3639, 1069.8
3640, 1069.81
3641, 1069.81
3642, 1069.83
3643, 1069.85
3644, 1069.88
3645, 1069.89
3646, 1069.95
3647, 1069.95
3648, 1069.96
3649, 1069.97
3650, 1069.98
3651, 1069.98
3652, 1069.99
3653, 1069.99
3654, 1069.99
3655, 1070.04
3656, 1070.05
3657, 1070.07
3658, 1070.07
3659, 1070.08
3660, 1070.08
3661, 1070.13
3662, 1070.14
3663, 1070.17
3664, 1070.17
3665, 1070.18
3666, 1070.18
3667, 1070.18
3668, 1070.22
3669, 1070.23
3670, 1070.25
3671, 1070.26
3672, 1070.26
3673, 1070.27
3674, 1070.28
3675, 1070.28
3676, 1070.29
3677, 1070.29
3678, 1070.3
3679, 1070.33
3680, 1070.34
3681, 1070.35
3682, 1070.36
3683, 1070.39
3684, 1070.4
3685, 1070.41
3686, 1070.42
3687, 1070.43
3688, 1070.45
3689, 1070.45
3690, 1070.49
3691, 1070.49
3692, 1070.5
3693, 1070.51
3694, 1070.52
3695, 1070.54
3696, 1070.55
3697, 1070.55
3698, 1070.55
3699, 1070.56
3700, 1070.59
3701, 1070.64
3702, 1070.64
3703, 1070.67
3704, 1070.67
3705, 1070.67
3706, 1070.68
3707, 1070.68
3708, 1070.72
3709, 1070.73
3710, 1070.78
3711, 1070.78
3712, 1070.81
3713, 1070.83
3714, 1070.83
3715, 1070.85
3716, 1070.87
3717, 1070.87
3718, 1070.89
3719, 1070.9
3720, 1070.91
3721, 1070.93
3722, 1070.93
3723, 1070.94
3724, 1070.94
3725, 1070.95
3726, 1070.96
3727, 1070.96
3728, 1070.99
3729, 1071
3730, 1071.04
3731, 1071.1
3732, 1071.12
3733, 1071.14
3734, 1071.14
3735, 1071.15
3736, 1071.17
3737, 1071.2
3738, 1071.2
3739, 1071.22
3740, 1071.23
3741, 1071.23
3742, 1071.23
3743, 1071.23
3744, 1071.25
3745, 1071.27
3746, 1071.28
3747, 1071.3
3748, 1071.32
3749, 1071.32
3750, 1071.33
3751, 1071.34
3752, 1071.35
3753, 1071.41
3754, 1071.46
3755, 1071.46
3756, 1071.47
3757, 1071.47
3758, 1071.48
3759, 1071.48
3760, 1071.49
3761, 1071.49
3762, 1071.49
3763, 1071.5
3764, 1071.52
3765, 1071.52
3766, 1071.53
3767, 1071.53
3768, 1071.55
3769, 1071.56
3770, 1071.57
3771, 1071.58
3772, 1071.62
3773, 1071.63
3774, 1071.67
3775, 1071.69
3776, 1071.71
3777, 1071.72
3778, 1071.73
3779, 1071.74
3780, 1071.75
3781, 1071.79
3782, 1071.79
3783, 1071.81
3784, 1071.81
3785, 1071.82
3786, 1071.82
3787, 1071.82
3788, 1071.82
3789, 1071.83
3790, 1071.83
3791, 1071.83
3792, 1071.84
3793, 1071.85
3794, 1071.88
3795, 1071.88
3796, 1071.89
3797, 1071.93
3798, 1071.93
3799, 1071.94
3800, 1071.96
3801, 1071.96
3802, 1071.98
3803, 1072
3804, 1072.01
3805, 1072.01
3806, 1072.05
3807, 1072.06
3808, 1072.1
3809, 1072.12
3810, 1072.15
3811, 1072.16
3812, 1072.18
3813, 1072.18
3814, 1072.19
3815, 1072.2
3816, 1072.21
3817, 1072.21
3818, 1072.22
3819, 1072.28
3820, 1072.28
3821, 1072.28
3822, 1072.29
3823, 1072.3
3824, 1072.33
3825, 1072.33
3826, 1072.35
3827, 1072.36
3828, 1072.36
3829, 1072.39
3830, 1072.41
3831, 1072.45
3832, 1072.48
3833, 1072.48
3834, 1072.49
3835, 1072.51
3836, 1072.56
3837, 1072.56
3838, 1072.57
3839, 1072.61
3840, 1072.62
3841, 1072.63
3842, 1072.64
3843, 1072.66
3844, 1072.67
3845, 1072.68
3846, 1072.69
3847, 1072.7
3848, 1072.72
3849, 1072.73
3850, 1072.76
3851, 1072.78
3852, 1072.81
3853, 1072.82
3854, 1072.82
3855, 1072.84
3856, 1072.84
3857, 1072.85
3858, 1072.85
3859, 1072.85
3860, 1072.85
3861, 1072.86
3862, 1072.9
3863, 1072.9
3864, 1072.9
3865, 1072.91
3866, 1072.91
3867, 1072.93
3868, 1072.96
3869, 1072.96
3870, 1072.98
3871, 1072.99
3872, 1073.01
3873, 1073.02
3874, 1073.03
3875, 1073.03
3876, 1073.04
3877, 1073.04
3878, 1073.07
3879, 1073.07
3880, 1073.1
3881, 1073.11
3882, 1073.13
3883, 1073.16
3884, 1073.17
3885, 1073.19
3886, 1073.2
3887, 1073.21
3888, 1073.22
3889, 1073.25
3890, 1073.31
3891, 1073.35
3892, 1073.37
3893, 1073.4
3894, 1073.42
3895, 1073.46
3896, 1073.48
3897, 1073.49
3898, 1073.51
3899, 1073.52
3900, 1073.54
3901, 1073.55
3902, 1073.56
3903, 1073.59
3904, 1073.6
3905, 1073.62
3906, 1073.62
3907, 1073.63
3908, 1073.63
3909, 1073.67
3910, 1073.68
3911, 1073.68
3912, 1073.69
3913, 1073.74
3914, 1073.74
3915, 1073.75
3916, 1073.76
3917, 1073.81
3918, 1073.82
3919, 1073.83
3920, 1073.84
3921, 1073.85
3922, 1073.85
3923, 1073.86
3924, 1073.86
3925, 1073.88
3926, 1073.89
3927, 1073.9
3928, 1073.94
3929, 1073.94
3930, 1073.94
3931, 1073.95
3932, 1073.99
3933, 1074
3934, 1074
3935, 1074.02
3936, 1074.04
3937, 1074.05
3938, 1074.06
3939, 1074.12
3940, 1074.12
3941, 1074.14
3942, 1074.14
3943, 1074.15
3944, 1074.21
3945, 1074.22
3946, 1074.22
3947, 1074.23
3948, 1074.24
3949, 1074.26
3950, 1074.29
3951, 1074.34
3952, 1074.35
3953, 1074.38
3954, 1074.4
3955, 1074.41
3956, 1074.42
3957, 1074.43
3958, 1074.43
3959, 1074.43
3960, 1074.46
3961, 1074.47
3962, 1074.48
3963, 1074.51
3964, 1074.52
3965, 1074.53
3966, 1074.56
3967, 1074.56
3968, 1074.58
3969, 1074.59
3970, 1074.61
3971, 1074.63
3972, 1074.64
3973, 1074.65
3974, 1074.66
3975, 1074.71
3976, 1074.71
3977, 1074.75
3978, 1074.76
3979, 1074.77
3980, 1074.77
3981, 1074.8
3982, 1074.81
3983, 1074.81
3984, 1074.82
3985, 1074.84
3986, 1074.86
3987, 1074.87
3988, 1074.88
3989, 1074.89
3990, 1074.92
3991, 1074.92
3992, 1074.95
3993, 1074.96
3994, 1074.96
3995, 1074.99
3996, 1075.01
3997, 1075.01
3998, 1075.01
3999, 1075.03
4000, 1075.04
4001, 1075.04
4002, 1075.05
4003, 1075.05
4004, 1075.07
4005, 1075.08
4006, 1075.09
4007, 1075.09
4008, 1075.12
4009, 1075.13
4010, 1075.14
4011, 1075.17
4012, 1075.17
4013, 1075.19
4014, 1075.22
4015, 1075.23
4016, 1075.24
4017, 1075.24
4018, 1075.26
4019, 1075.27
4020, 1075.28
4021, 1075.3
4022, 1075.3
4023, 1075.31
4024, 1075.36
4025, 1075.36
4026, 1075.36
4027, 1075.38
4028, 1075.38
4029, 1075.4
4030, 1075.42
4031, 1075.43
4032, 1075.44
4033, 1075.44
4034, 1075.46
4035, 1075.48
4036, 1075.49
4037, 1075.52
4038, 1075.55
4039, 1075.55
4040, 1075.57
4041, 1075.59
4042, 1075.61
4043, 1075.62
4044, 1075.63
4045, 1075.65
4046, 1075.65
4047, 1075.69
4048, 1075.71
4049, 1075.71
4050, 1075.73
4051, 1075.74
4052, 1075.76
4053, 1075.77
4054, 1075.83
4055, 1075.85
4056, 1075.86
4057, 1075.86
4058, 1075.87
4059, 1075.92
4060, 1075.93
4061, 1075.97
4062, 1076.01
4063, 1076.02
4064, 1076.03
4065, 1076.06
4066, 1076.07
4067, 1076.1
4068, 1076.1
4069, 1076.1
4070, 1076.11
4071, 1076.13
4072, 1076.14
4073, 1076.14
4074, 1076.16
4075, 1076.22
4076, 1076.26
4077, 1076.26
4078, 1076.29
4079, 1076.31
4080, 1076.38
4081, 1076.39
4082, 1076.41
4083, 1076.43
4084, 1076.44
4085, 1076.45
4086, 1076.47
4087, 1076.47
4088, 1076.5
4089, 1076.51
4090, 1076.52
4091, 1076.52
4092, 1076.55
4093, 1076.56
4094, 1076.58
4095, 1076.59
4096, 1076.6
4097, 1076.6
4098, 1076.61
4099, 1076.64
4100, 1076.66
4101, 1076.67
4102, 1076.72
4103, 1076.73
4104, 1076.74
4105, 1076.77
4106, 1076.78
4107, 1076.79
4108, 1076.82
4109, 1076.82
4110, 1076.83
4111, 1076.84
4112, 1076.85
4113, 1076.88
4114, 1076.91
4115, 1076.94
4116, 1076.94
4117, 1076.96
4118, 1076.99
4119, 1077
4120, 1077.04
4121, 1077.05
4122, 1077.05
4123, 1077.06
4124, 1077.07
4125, 1077.11
4126, 1077.11
4127, 1077.14
4128, 1077.15
4129, 1077.16
4130, 1077.19
4131, 1077.21
4132, 1077.22
4133, 1077.22
4134, 1077.24
4135, 1077.24
4136, 1077.25
4137, 1077.33
4138, 1077.35
4139, 1077.37
4140, 1077.39
4141, 1077.39
4142, 1077.39
4143, 1077.4
4144, 1077.41
4145, 1077.45
4146, 1077.45
4147, 1077.54
4148, 1077.54
4149, 1077.55
4150, 1077.56
4151, 1077.57
4152, 1077.62
4153, 1077.63
4154, 1077.64
4155, 1077.66
4156, 1077.7
4157, 1077.71
4158, 1077.74
4159, 1077.8
4160, 1077.84
4161, 1077.84
4162, 1077.84
4163, 1077.85
4164, 1077.86
4165, 1077.89
4166, 1077.9
4167, 1077.95
4168, 1077.97
4169, 1078
4170, 1078.02
4171, 1078.02
4172, 1078.02
4173, 1078.04
4174, 1078.04
4175, 1078.05
4176, 1078.05
4177, 1078.06
4178, 1078.09
4179, 1078.1
4180, 1078.15
4181, 1078.17
4182, 1078.22
4183, 1078.22
4184, 1078.24
4185, 1078.26
4186, 1078.28
4187, 1078.29
4188, 1078.31
4189, 1078.31
4190, 1078.31
4191, 1078.31
4192, 1078.35
4193, 1078.37
4194, 1078.39
4195, 1078.39
4196, 1078.43
4197, 1078.46
4198, 1078.46
4199, 1078.48
4200, 1078.52
4201, 1078.55
4202, 1078.56
4203, 1078.58
4204, 1078.59
4205, 1078.62
4206, 1078.63
4207, 1078.65
4208, 1078.66
4209, 1078.66
4210, 1078.68
4211, 1078.71
4212, 1078.71
4213, 1078.72
4214, 1078.77
4215, 1078.78
4216, 1078.8
4217, 1078.83
4218, 1078.85
4219, 1078.86
4220, 1078.86
4221, 1078.87
4222, 1078.92
4223, 1078.94
4224, 1078.94
4225, 1078.97
4226, 1079
4227, 1079.04
4228, 1079.06
4229, 1079.09
4230, 1079.1
4231, 1079.16
4232, 1079.17
4233, 1079.2
4234, 1079.24
4235, 1079.25
4236, 1079.33
4237, 1079.33
4238, 1079.34
4239, 1079.35
4240, 1079.42
4241, 1079.43
4242, 1079.44
4243, 1079.46
4244, 1079.49
4245, 1079.49
4246, 1079.52
4247, 1079.52
4248, 1079.53
4249, 1079.55
4250, 1079.55
4251, 1079.6
4252, 1079.61
4253, 1079.62
4254, 1079.65
4255, 1079.65
4256, 1079.66
4257, 1079.69
4258, 1079.73
4259, 1079.73
4260, 1079.78
4261, 1079.78
4262, 1079.8
4263, 1079.81
4264, 1079.83
4265, 1079.86
4266, 1079.87
4267, 1079.96
4268, 1080.04
4269, 1080.06
4270, 1080.06
4271, 1080.1
4272, 1080.11
4273, 1080.14
4274, 1080.14
4275, 1080.18
4276, 1080.21
4277, 1080.21
4278, 1080.31
4279, 1080.32
4280, 1080.35
4281, 1080.35
4282, 1080.36
4283, 1080.4
4284, 1080.44
4285, 1080.47
4286, 1080.49
4287, 1080.61
4288, 1080.62
4289, 1080.66
4290, 1080.69
4291, 1080.71
4292, 1080.72
4293, 1080.76
4294, 1080.77
4295, 1080.78
4296, 1080.78
4297, 1080.79
4298, 1080.8
4299, 1080.83
4300, 1080.89
4301, 1080.93
4302, 1080.99
4303, 1081.02
4304, 1081.03
4305, 1081.1
4306, 1081.11
4307, 1081.16
4308, 1081.19
4309, 1081.19
4310, 1081.22
4311, 1081.22
4312, 1081.23
4313, 1081.25
4314, 1081.27
4315, 1081.28
4316, 1081.29
4317, 1081.3
4318, 1081.35
4319, 1081.35
4320, 1081.38
4321, 1081.39
4322, 1081.46
4323, 1081.5
4324, 1081.5
4325, 1081.51
4326, 1081.52
4327, 1081.53
4328, 1081.56
4329, 1081.57
4330, 1081.6
4331, 1081.65
4332, 1081.66
4333, 1081.71
4334, 1081.73
4335, 1081.79
4336, 1081.82
4337, 1081.85
4338, 1081.88
4339, 1081.94
4340, 1081.94
4341, 1081.94
4342, 1082.04
4343, 1082.08
4344, 1082.1
4345, 1082.14
4346, 1082.16
4347, 1082.23
4348, 1082.24
4349, 1082.28
4350, 1082.29
4351, 1082.29
4352, 1082.3
4353, 1082.3
4354, 1082.35
4355, 1082.38
4356, 1082.38
4357, 1082.4
4358, 1082.43
4359, 1082.51
4360, 1082.53
4361, 1082.53
4362, 1082.54
4363, 1082.57
4364, 1082.6
4365, 1082.63
4366, 1082.64
4367, 1082.65
4368, 1082.69
4369, 1082.71
4370, 1082.73
4371, 1082.77
4372, 1082.84
4373, 1082.86
4374, 1082.87
4375, 1082.9
4376, 1082.91
4377, 1082.91
4378, 1082.97
4379, 1083.01
4380, 1083.1
4381, 1083.21
4382, 1083.21
4383, 1083.22
4384, 1083.24
4385, 1083.24
4386, 1083.26
4387, 1083.27
4388, 1083.27
4389, 1083.29
4390, 1083.36
4391, 1083.37
4392, 1083.39
4393, 1083.43
4394, 1083.52
4395, 1083.52
4396, 1083.56
4397, 1083.56
4398, 1083.61
4399, 1083.62
4400, 1083.64
4401, 1083.67
4402, 1083.73
4403, 1083.76
4404, 1083.79
4405, 1083.81
4406, 1083.84
4407, 1083.91
4408, 1083.91
4409, 1083.91
4410, 1083.93
4411, 1083.96
4412, 1084.01
4413, 1084.06
4414, 1084.12
4415, 1084.18
4416, 1084.18
4417, 1084.21
4418, 1084.21
4419, 1084.29
4420, 1084.31
4421, 1084.33
4422, 1084.39
4423, 1084.41
4424, 1084.43
4425, 1084.5
4426, 1084.58
4427, 1084.58
4428, 1084.8
4429, 1084.84
4430, 1084.86
4431, 1084.88
4432, 1084.9
4433, 1084.97
4434, 1084.98
4435, 1085.1
4436, 1085.1
4437, 1085.12
4438, 1085.28
4439, 1085.46
4440, 1085.58
4441, 1085.61
4442, 1085.67
4443, 1085.67
4444, 1085.69
4445, 1085.82
4446, 1085.84
4447, 1085.97
4448, 1086.04
4449, 1086.19
4450, 1086.21
4451, 1086.22
4452, 1086.28
4453, 1086.44
4454, 1086.47
4455, 1086.49
4456, 1086.52
4457, 1086.53
4458, 1086.54
4459, 1086.6
4460, 1086.66
4461, 1086.66
4462, 1086.83
4463, 1086.84
4464, 1086.95
4465, 1086.97
4466, 1087.04
4467, 1087.19
4468, 1087.19
4469, 1087.22
4470, 1087.25
4471, 1087.42
4472, 1087.45
4473, 1087.46
4474, 1087.6
4475, 1087.72
4476, 1087.98
4477, 1088.07
4478, 1088.15
4479, 1088.26
4480, 1088.27
4481, 1088.29
4482, 1088.31
4483, 1088.43
4484, 1088.73
4485, 1088.76
4486, 1088.86
4487, 1088.93
4488, 1088.96
4489, 1089.05
4490, 1089.25
4491, 1089.43
4492, 1089.6
4493, 1089.61
4494, 1089.65
4495, 1090.58
4496, 1091.34
4497, 1092.25
---------------------------------------------------------------------------------------
 #bytes #iterations    t_min[usec]    t_max[usec]  t_typical[usec]    t_avg[usec]    t_stdev[usec]   99% percentile[usec]   99.9% percentile[usec] 
 2       4500          2.26           10998.62      1052.09  	       1007.55     	201.75 		1086.47 		1089.65
---------------------------------------------------------------------------------------
