1785238610.471607670 15064079764106
1785238611.485513782 15064079764106
1785238612.497699097 15067320615024
1785238613.510058182 15071032936576
1785238614.522778147 15074746293914
1785238615.534890307 15078457580704
1785238616.547317177 15082171971520
1785238617.559689213 15085878882848
1785238618.572147974 15089593940580
1785238619.584222560 15093300603490
1785238620.595116208 15097003670024
1785238621.606002414 15100710719490
1785238622.617313272 15104419975610
1785238623.628416080 15108123047382
1785238624.639181956 15111829161792
1785238625.650120071 15115536310558
1785238626.661002205 15117072765686
1785238627.671693046 15118303998552
1785238628.682208928 15119540406236
1785238629.692927355 15120776561824
1785238630.703556453 15122011150698
1785238631.714299186 15123246522742
1785238632.725343467 15124481894900
1785238633.736571390 15125716232556
1785238634.749236823 15126953673994
1785238635.759866888 15128189045616
1785238636.770563330 15129421314430
1785238637.781195887 15130661859748
1785238638.792222630 15131893092484
1785238639.803236233 15133126394972
1785238640.814141946 15134363836394
1785238641.824863252 15135596104558
1785238642.835961345 15136835615244
1785238643.846767210 15138067883116
1785238644.857454986 15139307394208
1785238645.868012084 15140538627838
1785238646.878722564 15141773999866
1785238647.889421065 15143011441450
1785238648.899979639 15144247021368
1785238649.910519824 15145478046718
1785238650.921341813 15146715488286
1785238651.931903762 15148376100410
1785238652.943034118 15152079608236
1785238653.954020696 15155785223904
1785238654.965055412 15159490303698
1785238655.976056213 15163198486056
1785238656.986851872 15166901937472
1785238657.997654056 15170608254712
1785238659.008384461 15174313769956
1785238660.019062132 15178018803494
1785238661.029837410 15181725764694
1785238662.040478727 15185426891576
1785238663.051319646 15189132257066
1785238664.062075221 15192838084854
1785238665.073034064 15196546229056
1785238666.084237710 15200254451064
1785238667.095290926 15203957552206
1785238668.106258198 15207662429920
1785238669.117115393 15211364515012
1785238670.127731267 15215069593246
1785238671.138515613 15218777776904
1785238672.150080661 15220616495990
1785238673.162193555 15220616495990
1785238674.174135203 15220616495990
