1785238057.579853051 14744618975030
1785238058.592201322 14744618975030
1785238059.604089961 14747967121438
1785238060.614932527 14751672201102
1785238061.625583151 14755374177358
1785238062.636590553 14759079257022
1785238063.647565305 14762785380592
1785238064.658268961 14766487356100
1785238065.668758835 14770191401116
1785238066.679379704 14773891109654
1785238067.689908884 14777597422534
1785238068.700450958 14781300433714
1785238069.711236380 14785005514922
1785238070.721744571 14788706456578
1785238071.732581735 14792406363960
1785238072.743129603 14796109374896
1785238073.753434966 14799814354854
1785238074.763947202 14803515395274
1785238075.774497908 14807229787390
1785238076.787410370 14810928660546
1785238077.798039113 14814632065654
1785238078.809214136 14816785399460
1785238079.820470303 14816970936024
1785238080.831288329 14817155887982
1785238081.841934977 14817341381760
1785238082.852536791 14817526444968
1785238083.863280883 14817711551440
1785238084.873872929 14817896954720
1785238085.884990754 14818082067928
1785238086.895913328 14818267398114
1785238087.906554012 14818452595756
1785238088.917123869 14818637651406
1785238089.927833964 14818822689962
1785238090.938449774 14819006629650
1785238091.948908016 14819189562046
1785238092.959171938 14819372536802
1785238093.969912348 14819555581888
1785238094.980665977 14819738527300
1785238095.991331851 14819921620026
1785238097.001995388 14820104713964
1785238098.012800903 14820287740656
1785238099.023381433 14820470767218
1785238100.033902846 14820653815582
1785238101.044448088 14820840732218
1785238102.055236203 14821025783816
1785238103.065846467 14821211481132
1785238104.076424485 14821396922282
1785238105.087277123 14821582481288
1785238106.098588019 14821768054198
1785238107.109820713 14825471945048
1785238108.121315381 14829182379566
1785238109.132552488 14832890563630
1785238110.143609456 14836595012140
1785238111.154407927 14840300832166
1785238112.165347270 14844007873804
1785238113.176295430 14847717091574
1785238114.187166502 14851421138004
1785238115.197992767 14855125183410
1785238116.208558708 14858834401488
1785238117.219543743 14862536376444
1785238118.230312755 14866240949474
1785238119.240000140 14869942396708
1785238120.250373302 14873647475982
1785238121.261154273 14877353291810
1785238122.271711846 14881062808162
1785238123.282485135 14884767888720
1785238124.293286414 14888475037242
1785238125.304270274 14892180117442
1785238126.315020581 14895887266842
1785238127.325595999 14899594474760
1785238128.336137282 14903295356110
1785238129.346972264 14904681947320
1785238130.358437980 14904681947320
1785238131.370249611 14904681947320
