1785238186.947914591 14904681947320
1785238187.960219063 14904681947320
1785238188.972314600 14908161250656
1785238189.984497613 14911869295396
1785238190.996391716 14915580205700
1785238192.007646402 14919286836180
1785238193.019730096 14922995205600
1785238194.031735528 14926705271898
1785238195.043641429 14930418628570
1785238196.059232981 14934138192010
1785238197.071209517 14937847963778
1785238198.083165797 14941558743820
1785238199.095568649 14945272053014
1785238200.107774384 14948980236574
1785238201.119853992 14952687385892
1785238202.131725509 14956399102030
1785238203.143893734 14960105840680
1785238204.155468024 14963811934314
1785238205.166630393 14967522641528
1785238206.177487112 14971225197100
1785238207.188605381 14974935449794
1785238208.200150741 14976968874658
1785238209.211367614 14977154414452
1785238210.222698091 14977339518120
1785238211.233993918 14977524891680
1785238212.245164214 14977710386816
1785238213.256067993 14977895735590
1785238214.267167817 14978081021982
1785238215.277826731 14978266584218
1785238216.288456894 14978451769114
1785238217.299259668 14978637159442
1785238218.310192829 14978822699856
1785238219.321134695 14979007835028
1785238220.332172047 14979192530498
1785238221.343155530 14979375589682
1785238222.354074015 14979558704032
1785238223.364879149 14979741772938
1785238224.375767614 14979924836450
1785238225.386604983 14980107947684
1785238226.397581885 14980291047984
1785238227.408511274 14980474077938
1785238228.419353758 14980657070958
1785238229.430018273 14980842990722
1785238230.440738607 14981028424980
1785238231.451813441 14981214034426
1785238232.462798482 14981399474918
1785238233.473675128 14981584679884
1785238234.484270609 14981770145400
1785238235.495580751 14981955714456
1785238236.506537195 14985102789032
1785238237.517473312 14988808881672
1785238238.528282849 14992510510730
1785238239.539101912 14996221131612
1785238240.549835971 14999923180582
1785238241.560750099 15003631290534
1785238242.572031483 15007335334510
1785238243.582907729 15011041447750
1785238244.593717796 15014749631424
1785238245.604605817 15018456780726
1785238246.615274943 15022159791906
1785238247.625953489 15025865883620
1785238248.636616918 15029568915124
1785238249.647663105 15033276062996
1785238250.658390516 15036983210754
1785238251.669325892 15040689324400
1785238252.680243429 15044396074780
1785238253.691075460 15048101552830
1785238254.701893825 15051801900610
1785238255.712457818 15055508921310
1785238256.723098577 15059215043190
1785238257.733885882 15062917730570
1785238258.744834263 15064079764106
1785238259.756495286 15064079764106
1785238260.768071974 15064079764106
